0.00000000000000000
0.00000001871940000
0.00000006977680000
0.00000021435500000
0.00000036862000000
0.00000050337700000
0.00000056338500000
0.00000063700600000
0.00000059083100000
0.00000049289300000
0.00000046918500000
0.00000037398300000
0.00000019908100000
0.00000012649200000
0.00000005229950000
0.00000006002020000
0.00000003518650000
0.00000007283980000
0.00000001848780000
0.00000004762890000
0.00000004699560000
0.00000020348600000
0.00000039710800000
0.00000068775500000
0.00000107372000000
0.00000156352000000
0.00000192398000000
0.00000241170000000
0.00000305245000000
0.00000375042000000
0.00000447819000000
0.00000548968000000
0.00000658581000000
0.00000778088000000
0.00000910351000000
0.00001060380000000
0.00001220300000000
0.00001393510000000
0.00001582210000000
0.00001793210000000
0.00002021740000000
0.00002264810000000
0.00002525040000000
0.00002784680000000
0.00003049920000000
0.00003316350000000
0.00003590530000000
0.00003876990000000
0.00004197070000000
0.00004539680000000
0.00004916380000000
0.00005344340000000
0.00005810210000000
0.00006304210000000
0.00006826830000000
0.00007370180000000
0.00007918070000000
0.00008456900000000
0.00008982130000000
0.00009483530000000
0.00009962510000000
0.00010407200000000
0.00010819400000000
0.00011203700000000
0.00011570400000000
0.00011917800000000
0.00012250100000000
0.00012584400000000
0.00012905800000000
0.00013218700000000
0.00013519500000000
0.00013807800000000
0.00014091600000000
0.00014382800000000
0.00014671300000000
0.00014965200000000
0.00015258700000000
0.00015540900000000
0.00015813300000000
0.00016082500000000
0.00016346700000000
0.00016613600000000
0.00016883500000000
0.00017164800000000
0.00017449400000000
0.00017739600000000
0.00018026600000000
0.00018322800000000
0.00018620000000000
0.00018926600000000
0.00019250300000000
0.00019610000000000
0.00020009900000000
0.00020438300000000
0.00020897300000000
0.00021360000000000
0.00021811600000000
0.00022233800000000
0.00022650100000000
0.00023039200000000
0.00023412600000000
0.00023776900000000
0.00024127600000000
0.00024459700000000
0.00024781300000000
0.00025100100000000
0.00025409700000000
0.00025714900000000
0.00026005900000000
0.00026288700000000
0.00026561400000000
0.00026837200000000
0.00027107600000000
0.00027382200000000
0.00027658500000000
0.00027945300000000
0.00028233300000000
0.00028534300000000
0.00028852100000000
0.00029188300000000
0.00029534700000000
0.00029924500000000
0.00030343600000000
0.00030804300000000
0.00031279400000000
0.00031764800000000
0.00032232300000000
0.00032683400000000
0.00033074900000000
0.00033447000000000
0.00033796600000000
0.00034127200000000
0.00034449000000000
0.00034775500000000
0.00035102400000000
0.00035443600000000
0.00035794500000000
0.00036155500000000
0.00036525000000000
0.00036881500000000
0.00037226700000000
0.00037559300000000
0.00037873300000000
0.00038189200000000
0.00038510100000000
0.00038825900000000
0.00039139600000000
0.00039449300000000
0.00039734600000000
0.00040020800000000
0.00040314400000000
0.00040607500000000
0.00040911900000000
0.00041215100000000
0.00041513600000000
0.00041799400000000
0.00042076400000000
0.00042352100000000
0.00042641600000000
0.00042946200000000
0.00043268300000000
0.00043618100000000
0.00043979800000000
0.00044366700000000
0.00044779400000000
0.00045225300000000
0.00045687100000000
0.00046160300000000
0.00046628600000000
0.00047076600000000
0.00047495500000000
0.00047899800000000
0.00048300400000000
0.00048719100000000
0.00049150800000000
0.00049582800000000
0.00050015800000000
0.00050430800000000
0.00050811600000000
0.00051158000000000
0.00051492000000000
0.00051792900000000
0.00052077100000000
0.00052356300000000
0.00052634500000000
0.00052908800000000
0.00053186200000000
0.00053469500000000
0.00053745600000000
0.00054025000000000
0.00054297500000000
0.00054570400000000
0.00054844900000000
0.00055115500000000
0.00055385500000000
0.00055656900000000
0.00055926400000000
0.00056198800000000
0.00056479000000000
0.00056762200000000
0.00057054400000000
0.00057349600000000
0.00057646800000000
0.00057972900000000
0.00058314500000000
0.00058693400000000
0.00059104600000000
0.00059555500000000
0.00060022300000000
0.00060494100000000
0.00060951400000000
0.00061407800000000
0.00061841000000000
0.00062251500000000
0.00062650200000000
0.00063035200000000
0.00063403300000000
0.00063756200000000
0.00064077300000000
0.00064379900000000
0.00064666100000000
0.00064940300000000
0.00065197100000000
0.00065462400000000
0.00065738700000000
0.00066017900000000
0.00066286900000000
0.00066558000000000
0.00066820000000000
0.00067085500000000
0.00067335400000000
0.00067587100000000
0.00067840800000000
0.00068099400000000
0.00068344200000000
0.00068627100000000
0.00068935100000000
0.00069266500000000
0.00069614200000000
0.00069981100000000
0.00070331800000000
0.00070665600000000
0.00070988200000000
0.00071299900000000
0.00071620100000000
0.00071947000000000
0.00072286200000000
0.00072620000000000
0.00072967900000000
0.00073298200000000
0.00073618000000000
0.00073926900000000
0.00074245400000000
0.00074573700000000
0.00074944000000000
0.00075369800000000
0.00075851900000000
0.00076380500000000
0.00076935000000000
0.00077487500000000
0.00078013600000000
0.00078503400000000
0.00078950200000000
0.00079355200000000
0.00079738400000000
0.00080090300000000
0.00080420200000000
0.00080742100000000
0.00081056300000000
0.00081341600000000
0.00081606300000000
0.00081854300000000
0.00082087600000000
0.00082295000000000
0.00082493500000000
0.00082697300000000
0.00082899900000000
0.00083093200000000
0.00083303000000000
0.00083506100000000
0.00083713800000000
0.00083920700000000
0.00084133200000000
0.00084341100000000
0.00084569400000000
0.00084799600000000
0.00085043900000000
0.00085291800000000
0.00085549700000000
0.00085819200000000
0.00086107300000000
0.00086405200000000
0.00086722800000000
0.00087042500000000
0.00087371100000000
0.00087718200000000
0.00088094700000000
0.00088494700000000
0.00088935100000000
0.00089419100000000
0.00089950000000000
0.00090497900000000
0.00091067700000000
0.00091637600000000
0.00092177300000000
0.00092662500000000
0.00093103100000000
0.00093503400000000
0.00093881300000000
0.00094240100000000
0.00094587300000000
0.00094936100000000
0.00095268900000000
0.00095573900000000
0.00095867600000000
0.00096163300000000
0.00096453600000000
0.00096747700000000
0.00097039200000000
0.00097322800000000
0.00097588700000000
0.00097841500000000
0.00098081100000000
0.00098338700000000
0.00098599200000000
0.00098878800000000
0.00099175500000000
0.00099482300000000
0.00099784700000000
0.00100085000000000
0.00100366300000000
0.00100646300000000
0.00100933000000000
0.00101233800000000
0.00101589800000000
0.00101988900000000
0.00102424700000000
0.00102899900000000
0.00103399600000000
0.00103868100000000
0.00104322300000000
0.00104758600000000
0.00105149100000000
0.00105507500000000
0.00105845100000000
0.00106159100000000
0.00106450600000000
0.00106744000000000
0.00107041800000000
0.00107339500000000
0.00107635000000000
0.00107931800000000
0.00108234700000000
0.00108531900000000
0.00108842000000000
0.00109163900000000
0.00109485500000000
0.00109794600000000
0.00110100200000000
0.00110396500000000
0.00110701100000000
0.00111010600000000
0.00111329600000000
0.00111663700000000
0.00111998600000000
0.00112318000000000
0.00112633800000000
0.00112957100000000
0.00113279200000000
0.00113616800000000
0.00113981600000000
0.00114371200000000
0.00114766200000000
0.00115160300000000
0.00115559700000000
0.00115939200000000
0.00116285600000000
0.00116614800000000
0.00116948400000000
0.00117272400000000
0.00117591000000000
0.00117929600000000
0.00118278900000000
0.00118607200000000
0.00118919200000000
0.00119227300000000
0.00119519000000000
0.00119804400000000
0.00120091200000000
0.00120386400000000
0.00120683600000000
0.00120980500000000
0.00121272500000000
0.00121566100000000
0.00121852100000000
0.00122131000000000
0.00122414800000000
0.00122702400000000
0.00123010800000000
0.00123333200000000
0.00123681300000000
0.00124034200000000
0.00124400200000000
0.00124765900000000
0.00125130000000000
0.00125470900000000
0.00125799700000000
0.00126117500000000
0.00126424000000000
0.00126728800000000
0.00127061900000000
0.00127438800000000
0.00127845100000000
0.00128280200000000
0.00128752500000000
0.00129228400000000
0.00129685400000000
0.00130123200000000
0.00130539700000000
0.00130921600000000
0.00131280000000000
0.00131622100000000
0.00131938600000000
0.00132238600000000
0.00132519700000000
0.00132798700000000
0.00133063100000000
0.00133335700000000
0.00133596200000000
0.00133848900000000
0.00134077700000000
0.00134291100000000
0.00134494700000000
0.00134715100000000
0.00134958600000000
0.00135234800000000
0.00135539900000000
0.00135860100000000
0.00136182200000000
0.00136506000000000
0.00136834000000000
0.00137175200000000
0.00137522100000000
0.00137883300000000
0.00138249300000000
0.00138617600000000
0.00138986500000000
0.00139374600000000
0.00139765400000000
0.00140169700000000
0.00140568600000000
0.00140959400000000
0.00141331100000000
0.00141704400000000
0.00142061100000000
0.00142403700000000
0.00142735600000000
0.00143064600000000
0.00143366700000000
0.00143667800000000
0.00143972300000000
0.00144281300000000
0.00144587600000000
0.00144899700000000
0.00145206200000000
0.00145521000000000
0.00145834800000000
0.00146152500000000
0.00146480100000000
0.00146823400000000
0.00147177500000000
0.00147545100000000
0.00147926600000000
0.00148316600000000
0.00148701400000000
0.00149078200000000
0.00149446600000000
0.00149792700000000
0.00150114000000000
0.00150415600000000
0.00150691500000000
0.00150959700000000
0.00151225900000000
0.00151485800000000
0.00151757400000000
0.00152047500000000
0.00152346200000000
0.00152647100000000
0.00152963600000000
0.00153283000000000
0.00153593000000000
0.00153899600000000
0.00154212000000000
0.00154528300000000
0.00154855700000000
0.00155203100000000
0.00155566400000000
0.00155935200000000
0.00156305000000000
0.00156661700000000
0.00157009300000000
0.00157354500000000
0.00157712900000000
0.00158072200000000
0.00158439100000000
0.00158802500000000
0.00159160300000000
0.00159498600000000
0.00159837900000000
0.00160165700000000
0.00160498100000000
0.00160807600000000
0.00161125500000000
0.00161437300000000
0.00161752400000000
0.00162063600000000
0.00162379300000000
0.00162695400000000
0.00163017200000000
0.00163339500000000
0.00163692100000000
0.00164073100000000
0.00164456900000000
0.00164848900000000
0.00165261600000000
0.00165648500000000
0.00166021400000000
0.00166382400000000
0.00166723100000000
0.00167028400000000
0.00167317700000000
0.00167588600000000
0.00167846900000000
0.00168088300000000
0.00168342800000000
0.00168607900000000
0.00168882200000000
0.00169164500000000
0.00169451000000000
0.00169729800000000
0.00170004000000000
0.00170283000000000
0.00170586100000000
0.00170923700000000
0.00171293200000000
0.00171675900000000
0.00172073300000000
0.00172464300000000
0.00172853400000000
0.00173229400000000
0.00173604000000000
0.00173967300000000
0.00174320400000000
0.00174652800000000
0.00174984400000000
0.00175311100000000
0.00175630200000000
0.00175946800000000
0.00176256500000000
0.00176560700000000
0.00176861700000000
0.00177158600000000
0.00177453000000000
0.00177757700000000
0.00178070600000000
0.00178381700000000
0.00178703300000000
0.00179035400000000
0.00179374900000000
0.00179708700000000
0.00180053400000000
0.00180407000000000
0.00180763200000000
0.00181125400000000
0.00181497100000000
0.00181882400000000
0.00182263200000000
0.00182637800000000
0.00183009500000000
0.00183369500000000
0.00183703000000000
0.00184031300000000
0.00184368200000000
0.00184699100000000
0.00185026100000000
0.00185343800000000
0.00185664700000000
0.00185971300000000
0.00186270200000000
0.00186569900000000
0.00186888500000000
0.00187194100000000
0.00187505100000000
0.00187822300000000
0.00188153700000000
0.00188503000000000
0.00188891400000000
0.00189301500000000
0.00189738000000000
0.00190174500000000
0.00190600400000000
0.00191025700000000
0.00191445800000000
0.00191846100000000
0.00192252400000000
0.00192662400000000
0.00193044200000000
0.00193409700000000
0.00193754400000000
0.00194079800000000
0.00194388700000000
0.00194684400000000
0.00194970000000000
0.00195262300000000
0.00195539600000000
0.00195801300000000
0.00196059900000000
0.00196301000000000
0.00196528800000000
0.00196757200000000
0.00196990900000000
0.00197230100000000
0.00197491000000000
0.00197768200000000
0.00198058100000000
0.00198363300000000
0.00198682400000000
0.00199001100000000
0.00199324900000000
0.00199645100000000
0.00199963000000000
0.00200280200000000
0.00200590100000000
0.00200908000000000
0.00201237300000000
0.00201573000000000
0.00201903400000000
0.00202241700000000
0.00202558900000000
0.00202872700000000
0.00203173900000000
0.00203469000000000
0.00203755600000000
0.00204053100000000
0.00204338700000000
0.00204658100000000
0.00205003300000000
0.00205387400000000
0.00205807300000000
0.00206270800000000
0.00206740200000000
0.00207214200000000
0.00207669600000000
0.00208101600000000
0.00208507100000000
0.00208878100000000
0.00209219300000000
0.00209547100000000
0.00209846000000000
0.00210131600000000
0.00210412600000000
0.00210694600000000
0.00210973900000000
0.00211276800000000
0.00211587500000000
0.00211907000000000
0.00212227600000000
0.00212536600000000
0.00212838000000000
0.00213122000000000
0.00213387000000000
0.00213650200000000
0.00213915300000000
0.00214179900000000
0.00214453200000000
0.00214736200000000
0.00215013200000000
0.00215305700000000
0.00215584800000000
0.00215867100000000
0.00216156800000000
0.00216471800000000
0.00216818000000000
0.00217200900000000
0.00217600000000000
0.00218016300000000
0.00218425900000000
0.00218815000000000
0.00219189300000000
0.00219547000000000
0.00219879600000000
0.00220197800000000
0.00220492600000000
0.00220775500000000
0.00221051500000000
0.00221325300000000
0.00221599700000000
0.00221873900000000
0.00222141500000000
0.00222407000000000
0.00222665400000000
0.00222922100000000
0.00223196700000000
0.00223484800000000
0.00223777900000000
0.00224090400000000
0.00224405800000000
0.00224707800000000
0.00225024300000000
0.00225362300000000
0.00225704700000000
0.00226033300000000
0.00226373700000000
0.00226698200000000
0.00227010900000000
0.00227306100000000
0.00227614700000000
0.00227917400000000
0.00228226200000000
0.00228541900000000
0.00228876900000000
0.00229223300000000
0.00229584300000000
0.00229944500000000
0.00230317400000000
0.00230699600000000
0.00231083000000000
0.00231460400000000
0.00231841800000000
0.00232217600000000
0.00232571600000000
0.00232906600000000
0.00233225900000000
0.00233526000000000
0.00233803900000000
0.00234090500000000
0.00234377000000000
0.00234675800000000
0.00234987300000000
0.00235300800000000
0.00235610900000000
0.00235923100000000
0.00236227600000000
0.00236540000000000
0.00236842100000000
0.00237135300000000
0.00237435300000000
0.00237741800000000
0.00238036000000000
0.00238347500000000
0.00238666200000000
0.00238995700000000
0.00239349100000000
0.00239770600000000
0.00240257900000000
0.00240813400000000
0.00241409700000000
0.00242022200000000
0.00242596600000000
0.00243111500000000
0.00243564500000000
0.00243962200000000
0.00244309200000000
0.00244603600000000
0.00244871300000000
0.00245109100000000
0.00245331000000000
0.00245541700000000
0.00245771300000000
0.00245998500000000
0.00246227700000000
0.00246461800000000
0.00246713900000000
0.00246950700000000
0.00247189800000000
0.00247431300000000
0.00247663200000000
0.00247889200000000
0.00248121800000000
0.00248359000000000
0.00248609600000000
0.00248882100000000
0.00249150200000000
0.00249432600000000
0.00249720200000000
0.00250018100000000
0.00250322600000000
0.00250638500000000
0.00250943800000000
0.00251244500000000
0.00251529500000000
0.00251810400000000
0.00252101900000000
0.00252410900000000
0.00252745800000000
0.00253100600000000
0.00253472300000000
0.00253856900000000
0.00254262200000000
0.00254672000000000
0.00255088800000000
0.00255498400000000
0.00255878200000000
0.00256217200000000
0.00256536000000000
0.00256829800000000
0.00257113500000000
0.00257408400000000
0.00257731600000000
0.00258065200000000
0.00258416400000000
0.00258775900000000
0.00259127600000000
0.00259463000000000
0.00259780400000000
0.00260087900000000
0.00260381100000000
0.00260672100000000
0.00260958000000000
0.00261240200000000
0.00261512000000000
0.00261788000000000
0.00262069600000000
0.00262338800000000
0.00262621600000000
0.00262903400000000
0.00263201400000000
0.00263491200000000
0.00263802300000000
0.00264126800000000
0.00264473200000000
0.00264811800000000
0.00265161500000000
0.00265513400000000
0.00265854100000000
0.00266174600000000
0.00266477500000000
0.00266767500000000
0.00267059100000000
0.00267352800000000
0.00267656400000000
0.00267976800000000
0.00268310800000000
0.00268650500000000
0.00269003400000000
0.00269367200000000
0.00269723900000000
0.00270094900000000
0.00270458700000000
0.00270804900000000
0.00271137700000000
0.00271488400000000
0.00271822200000000
0.00272145000000000
0.00272464800000000
0.00272780500000000
0.00273085700000000
0.00273391800000000
0.00273683800000000
0.00273974400000000
0.00274271200000000
0.00274577000000000
0.00274890500000000
0.00275231700000000
0.00275577700000000
0.00275922400000000
0.00276256200000000
0.00276592400000000
0.00276932600000000
0.00277281400000000
0.00277632400000000
0.00277982400000000
0.00278315900000000
0.00278630100000000
0.00278926600000000
0.00279231400000000
0.00279557500000000
0.00279906500000000
0.00280273900000000
0.00280661300000000
0.00281051900000000
0.00281423600000000
0.00281791000000000
0.00282149800000000
0.00282492600000000
0.00282817800000000
0.00283141600000000
0.00283449800000000
0.00283739400000000
0.00284030100000000
0.00284321300000000
0.00284632800000000
0.00284948900000000
0.00285299700000000
0.00285678700000000
0.00286074000000000
0.00286450700000000
0.00286817400000000
0.00287160300000000
0.00287476300000000
0.00287768000000000
0.00288038400000000
0.00288299700000000
0.00288556500000000
0.00288795900000000
0.00289035000000000
0.00289281000000000
0.00289525300000000
0.00289768300000000
0.00290016900000000
0.00290253900000000
0.00290495900000000
0.00290763400000000
0.00291023900000000
0.00291305500000000
0.00291643300000000
0.00292023800000000
0.00292420500000000
0.00292850600000000
0.00293296000000000
0.00293718000000000
0.00294104900000000
0.00294470200000000
0.00294812300000000
0.00295126300000000
0.00295428000000000
0.00295717400000000
0.00295989700000000
0.00296266300000000
0.00296538900000000
0.00296805800000000
0.00297064800000000
0.00297334000000000
0.00297602600000000
0.00297875600000000
0.00298178100000000
0.00298515500000000
0.00298881900000000
0.00299265800000000
0.00299669700000000
0.00300068100000000
0.00300467600000000
0.00300846200000000
0.00301212700000000
0.00301572900000000
0.00301933000000000
0.00302286100000000
0.00302660100000000
0.00303044200000000
0.00303418800000000
0.00303784500000000
0.00304134300000000
0.00304449700000000
0.00304742800000000
0.00305022600000000
0.00305282900000000
0.00305538400000000
0.00305787800000000
0.00306029900000000
0.00306264400000000
0.00306496100000000
0.00306725300000000
0.00306955500000000
0.00307175700000000
0.00307411600000000
0.00307659500000000
0.00307918600000000
0.00308196200000000
0.00308501500000000
0.00308805300000000
0.00309110700000000
0.00309401800000000
0.00309694300000000
0.00309976500000000
0.00310251100000000
0.00310539200000000
0.00310832300000000
0.00311116700000000
0.00311406500000000
0.00311701500000000
0.00311983900000000
0.00312273300000000
0.00312565000000000
0.00312871500000000
0.00313205000000000
0.00313543300000000
0.00313886200000000
0.00314235000000000
0.00314580700000000
0.00314917800000000
0.00315269200000000
0.00315623000000000
0.00315979700000000
0.00316324900000000
0.00316646300000000
0.00316947700000000
0.00317226500000000
0.00317493000000000
0.00317748500000000
0.00318003200000000
0.00318248500000000
0.00318507800000000
0.00318754800000000
0.00319017800000000
0.00319293100000000
0.00319591200000000
0.00319904100000000
0.00320236200000000
0.00320584300000000
0.00320944800000000
0.00321306900000000
0.00321659100000000
0.00322019100000000
0.00322371700000000
0.00322713900000000
0.00323038500000000
0.00323351100000000
0.00323635300000000
0.00323915400000000
0.00324188100000000
0.00324451300000000
0.00324702100000000
0.00324964300000000
0.00325206200000000
0.00325453000000000
0.00325692100000000
0.00325962300000000
0.00326264300000000
0.00326608100000000
0.00326965000000000
0.00327353400000000
0.00327738900000000
0.00328108200000000
0.00328454600000000
0.00328805800000000
0.00329149600000000
0.00329490300000000
0.00329826000000000
0.00330170300000000
0.00330519300000000
0.00330883400000000
0.00331256500000000
0.00331635400000000
0.00331999200000000
0.00332345100000000
0.00332670800000000
0.00332983900000000
0.00333277100000000
0.00333567500000000
0.00333841000000000
0.00334104900000000
0.00334360800000000
0.00334613100000000
0.00334862800000000
0.00335115400000000
0.00335359100000000
0.00335600900000000
0.00335870300000000
0.00336165000000000
0.00336494300000000
0.00336866300000000
0.00337258000000000
0.00337649200000000
0.00338034300000000
0.00338406200000000
0.00338739500000000
0.00339043600000000
0.00339305400000000
0.00339534500000000
0.00339725900000000
0.00339911500000000
0.00340100900000000
0.00340304500000000
0.00340515300000000
0.00340732800000000
0.00340967700000000
0.00341198600000000
0.00341433600000000
0.00341683800000000
0.00341965900000000
0.00342261900000000
0.00342570200000000
0.00342900400000000
0.00343239500000000
0.00343599500000000
0.00343980500000000
0.00344399800000000
0.00344822300000000
0.00345267000000000
0.00345703500000000
0.00346123400000000
0.00346528700000000
0.00346927800000000
0.00347293500000000
0.00347630200000000
0.00347951700000000
0.00348250500000000
0.00348553700000000
0.00348852300000000
0.00349142000000000
0.00349437900000000
0.00349730800000000
0.00350000600000000
0.00350281600000000
0.00350576000000000
0.00350868300000000
0.00351159500000000
0.00351459700000000
0.00351745400000000
0.00352024500000000
0.00352301700000000
0.00352579300000000
0.00352865400000000
0.00353146700000000
0.00353438500000000
0.00353730500000000
0.00354019000000000
0.00354296000000000
0.00354577900000000
0.00354849600000000
0.00355112200000000
0.00355390000000000
0.00355676400000000
0.00355976700000000
0.00356277700000000
0.00356588800000000
0.00356924000000000
0.00357266200000000
0.00357609700000000
0.00357984000000000
0.00358381000000000
0.00358773200000000
0.00359176400000000
0.00359591200000000
0.00359993200000000
0.00360387500000000
0.00360787400000000
0.00361166000000000
0.00361533600000000
0.00361888400000000
0.00362234800000000
0.00362552000000000
0.00362860500000000
0.00363157700000000
0.00363434400000000
0.00363701000000000
0.00363956900000000
0.00364214900000000
0.00364468700000000
0.00364751500000000
0.00365040400000000
0.00365341000000000
0.00365636800000000
0.00365943500000000
0.00366252900000000
0.00366571200000000
0.00366893700000000
0.00367235900000000
0.00367587300000000
0.00367940200000000
0.00368286300000000
0.00368637100000000
0.00368989200000000
0.00369340400000000
0.00369692300000000
0.00370045200000000
0.00370393500000000
0.00370745600000000
0.00371098300000000
0.00371431700000000
0.00371755700000000
0.00372081400000000
0.00372383100000000
0.00372672100000000
0.00372957800000000
0.00373240300000000
0.00373507500000000
0.00373780300000000
0.00374044000000000
0.00374307000000000
0.00374561400000000
0.00374822000000000
0.00375076400000000
0.00375340300000000
0.00375606200000000
0.00375891900000000
0.00376177800000000
0.00376487200000000
0.00376799300000000
0.00377117800000000
0.00377447500000000
0.00377803000000000
0.00378156400000000
0.00378507300000000
0.00378854700000000
0.00379198300000000
0.00379552300000000
0.00379920700000000
0.00380301900000000
0.00380712400000000
0.00381121800000000
0.00381515000000000
0.00381886700000000
0.00382238100000000
0.00382570600000000
0.00382889800000000
0.00383192800000000
0.00383493500000000
0.00383788300000000
0.00384064600000000
0.00384330700000000
0.00384575500000000
0.00384807600000000
0.00385027600000000
0.00385243100000000
0.00385455200000000
0.00385690600000000
0.00385929900000000
0.00386194800000000
0.00386467900000000
0.00386753500000000
0.00387036000000000
0.00387351300000000
0.00387683000000000
0.00388047300000000
0.00388444000000000
0.00388863400000000
0.00389282000000000
0.00389710000000000
0.00390117000000000
0.00390502000000000
0.00390868700000000
0.00391223900000000
0.00391558400000000
0.00391882900000000
0.00392180200000000
0.00392461900000000
0.00392718200000000
0.00392963800000000
0.00393196600000000
0.00393447000000000
0.00393695300000000
0.00393963000000000
0.00394249700000000
0.00394557400000000
0.00394880600000000
0.00395214600000000
0.00395548900000000
0.00395871800000000
0.00396185500000000
0.00396471800000000
0.00396762000000000
0.00397029700000000
0.00397286800000000
0.00397547400000000
0.00397839300000000
0.00398141400000000
0.00398464000000000
0.00398794400000000
0.00399137300000000
0.00399456500000000
0.00399758400000000
0.00400061300000000
0.00400366200000000
0.00400654600000000
0.00400940000000000
0.00401207700000000
0.00401460600000000
0.00401698600000000
0.00401928100000000
0.00402162300000000
0.00402405800000000
0.00402656200000000
0.00402927000000000
0.00403226800000000
0.00403578000000000
0.00403983700000000
0.00404421400000000
0.00404895400000000
0.00405398200000000
0.00405896500000000
0.00406376900000000
0.00406831600000000
0.00407243500000000
0.00407615200000000
0.00407935800000000
0.00408239200000000
0.00408520400000000
0.00408786800000000
0.00409028100000000
0.00409255800000000
0.00409470500000000
0.00409682200000000
0.00409894600000000
0.00410104300000000
0.00410311800000000
0.00410509300000000
0.00410719900000000
0.00410941300000000
0.00411183300000000
0.00411437200000000
0.00411694200000000
0.00411949700000000
0.00412202300000000
0.00412483200000000
0.00412778400000000
0.00413093500000000
0.00413415600000000
0.00413753700000000
0.00414083700000000
0.00414419600000000
0.00414745500000000
0.00415086700000000
0.00415425700000000
0.00415762400000000
0.00416098500000000
0.00416462400000000
0.00416812800000000
0.00417161200000000
0.00417499000000000
0.00417839500000000
0.00418159800000000
0.00418483700000000
0.00418797600000000
0.00419121600000000
0.00419435100000000
0.00419752300000000
0.00420062000000000
0.00420369500000000
0.00420662600000000
0.00420973700000000
0.00421284800000000
0.00421617500000000
0.00421966300000000
0.00422343200000000
0.00422703000000000
0.00423069000000000
0.00423420600000000
0.00423764200000000
0.00424094200000000
0.00424439400000000
0.00424776000000000
0.00425117000000000
0.00425458200000000
0.00425791200000000
0.00426110200000000
0.00426418600000000
0.00426724600000000
0.00427033200000000
0.00427327700000000
0.00427613300000000
0.00427898400000000
0.00428161600000000
0.00428413400000000
0.00428676700000000
0.00428951900000000
0.00429229600000000
0.00429527400000000
0.00429827400000000
0.00430119200000000
0.00430405500000000
0.00430683600000000
0.00430967500000000
0.00431258300000000
0.00431553700000000
0.00431838400000000
0.00432134200000000
0.00432419600000000
0.00432706000000000
0.00432987300000000
0.00433281600000000
0.00433573000000000
0.00433873500000000
0.00434186900000000
0.00434522600000000
0.00434853300000000
0.00435193700000000
0.00435524800000000
0.00435851200000000
0.00436176600000000
0.00436516100000000
0.00436859500000000
0.00437206800000000
0.00437548500000000
0.00437880400000000
0.00438193200000000
0.00438492700000000
0.00438794600000000
0.00439100100000000
0.00439403400000000
0.00439720500000000
0.00440047100000000
0.00440377400000000
0.00440710000000000
0.00441042600000000
0.00441386200000000
0.00441716900000000
0.00442022500000000
0.00442314400000000
0.00442624800000000
0.00442941900000000
0.00443290700000000
0.00443675700000000
0.00444080100000000
0.00444486600000000
0.00444871900000000
0.00445230900000000
0.00445576900000000
0.00445899500000000
0.00446194900000000
0.00446483700000000
0.00446770000000000
0.00447044800000000
0.00447325700000000
0.00447597400000000
0.00447871500000000
0.00448143700000000
0.00448414400000000
0.00448678700000000
0.00448971100000000
0.00449288700000000
0.00449626100000000
0.00449985400000000
0.00450354000000000
0.00450715600000000
0.00451062100000000
0.00451393700000000
0.00451712200000000
0.00452028300000000
0.00452320800000000
0.00452602100000000
0.00452869700000000
0.00453139900000000
0.00453404900000000
0.00453694500000000
0.00453992400000000
0.00454321700000000
0.00454678300000000
0.00455051000000000
0.00455448400000000
0.00455867600000000
0.00456291500000000
0.00456698200000000
0.00457100400000000
0.00457480900000000
0.00457844800000000
0.00458178300000000
0.00458486700000000
0.00458777000000000
0.00459054600000000
0.00459302200000000
0.00459554700000000
0.00459796500000000
0.00460029600000000
0.00460249500000000
0.00460483800000000
0.00460719500000000
0.00460978800000000
0.00461252400000000
0.00461538000000000
0.00461839500000000
0.00462130900000000
0.00462407400000000
0.00462685400000000
0.00462989700000000
0.00463298600000000
0.00463623800000000
0.00463971400000000
0.00464329500000000
0.00464675000000000
0.00465020200000000
0.00465351600000000
0.00465663000000000
0.00465960100000000
0.00466234800000000
0.00466490400000000
0.00466762700000000
0.00467043900000000
0.00467337400000000
0.00467641600000000
0.00467951900000000
0.00468262200000000
0.00468576600000000
0.00468904200000000
0.00469237200000000
0.00469583200000000
0.00469926700000000
0.00470274100000000
0.00470610800000000
0.00470970500000000
0.00471353700000000
0.00471769700000000
0.00472209100000000
0.00472679000000000
0.00473160200000000
0.00473631100000000
0.00474091000000000
0.00474536800000000
0.00474956700000000
0.00475338100000000
0.00475709800000000
0.00476059300000000
0.00476398600000000
0.00476726400000000
0.00477046000000000
0.00477355000000000
0.00477647700000000
0.00477926500000000
0.00478196500000000
0.00478469400000000
0.00478738300000000
0.00479023200000000
0.00479319000000000
0.00479622800000000
0.00479932700000000
0.00480241600000000
0.00480553500000000
0.00480871000000000
0.00481202200000000
0.00481532600000000
0.00481857700000000
0.00482180500000000
0.00482496600000000
0.00482806100000000
0.00483126100000000
0.00483445000000000
0.00483755900000000
0.00484087300000000
0.00484402900000000
0.00484704600000000
0.00485016400000000
0.00485328800000000
0.00485603800000000
0.00485885100000000
0.00486173100000000
0.00486465800000000
0.00486775900000000
0.00487109200000000
0.00487456600000000
0.00487804200000000
0.00488165900000000
0.00488532300000000
0.00488909000000000
0.00489278100000000
0.00489654100000000
0.00490003900000000
0.00490347200000000
0.00490680700000000
0.00491020500000000
0.00491359300000000
0.00491707800000000
0.00492054700000000
0.00492417600000000
0.00492784100000000
0.00493159300000000
0.00493544800000000
0.00493924900000000
0.00494289400000000
0.00494643500000000
0.00494983900000000
0.00495310300000000
0.00495641000000000
0.00495983900000000
0.00496354800000000
0.00496753700000000
0.00497175500000000
0.00497606800000000
0.00498016100000000
0.00498409300000000
0.00498774800000000
0.00499130500000000
0.00499465500000000
0.00499814300000000
0.00500024800000000
0.00500197400000000
0.00500546000000000
0.00500897400000000
0.00501264300000000
0.00501648200000000
0.00502025800000000
0.00502413500000000
0.00502804800000000
0.00503186500000000
0.00503569600000000
0.00503970600000000
0.00504377400000000
0.00504777000000000
0.00505183900000000
0.00505590200000000
0.00505993400000000
0.00506401800000000
0.00506836200000000
0.00507285800000000
0.00507774600000000
0.00508384200000000
0.00509137200000000
0.00510020700000000
0.00511029200000000
0.00512133100000000
0.00513239900000000
0.00514305600000000
0.00515343700000000
0.00516343100000000
0.00517295400000000
0.00518198500000000
0.00519077300000000
0.00519915100000000
0.00520733800000000
0.00521557800000000
0.00522383200000000
0.00523200500000000
0.00524035900000000
0.00524886100000000
0.00525737800000000
0.00526604700000000
0.00527513000000000
0.00528453800000000
0.00529429400000000
0.00530422700000000
0.00531451200000000
0.00532509800000000
0.00533591300000000
0.00534708000000000
0.00535897300000000
0.00537180900000000
0.00538566600000000
0.00540074300000000
0.00541698500000000
0.00543419800000000
0.00545197800000000
0.00547010800000000
0.00548839000000000
0.00550660500000000
0.00552470600000000
0.00554283500000000
0.00556095500000000
0.00557914100000000
0.00559750900000000
0.00561608700000000
0.00563496000000000
0.00565403300000000
0.00567322100000000
0.00569270500000000
0.00571232200000000
0.00573208200000000
0.00575211900000000
0.00577263200000000
0.00579360400000000
0.00581548100000000
0.00583812100000000
0.00586170600000000
0.00588591900000000
0.00591061900000000
0.00593537700000000
0.00596034400000000
0.00598534900000000
0.00601054500000000
0.00603600900000000
0.00606177700000000
0.00608771700000000
0.00611377100000000
0.00613986400000000
0.00616599400000000
0.00619229700000000
0.00621890400000000
0.00624593100000000
0.00627356900000000
0.00630185500000000
0.00633092300000000
0.00636056300000000
0.00639081400000000
0.00642146500000000
0.00645244000000000
0.00648374000000000
0.00651542100000000
0.00654702500000000
0.00657863000000000
0.00661044500000000
0.00664220200000000
0.00667398900000000
0.00670645200000000
0.00673975500000000
0.00677383900000000
0.00680864800000000
0.00684420100000000
0.00688002100000000
0.00691599400000000
0.00695217600000000
0.00698833900000000
0.00702440700000000
0.00706043700000000
0.00709650500000000
0.00713249700000000
0.00716866000000000
0.00720514800000000
0.00724220800000000
0.00727974400000000
0.00731758600000000
0.00735586600000000
0.00739449000000000
0.00743338100000000
0.00747273000000000
0.00751257400000000
0.00755268600000000
0.00759323600000000
0.00763445400000000
0.00767609100000000
0.00771837700000000
0.00776203600000000
0.00780712600000000
0.00785322700000000
0.00790045300000000
0.00794842200000000
0.00799639200000000
0.00804379000000000
0.00809065300000000
0.00813696400000000
0.00818308400000000
0.00822903200000000
0.00827499900000000
0.00832109900000000
0.00836706600000000
0.00841291900000000
0.00845861900000000
0.00850430000000000
0.00855003800000000
0.00859598600000000
0.00864210600000000
0.00868843600000000
0.00873514000000000
0.00878213700000000
0.00882959200000000
0.00887739000000000
0.00892585600000000
0.00897460800000000
0.00902389300000000
0.00907348500000000
0.00912372400000000
0.00917468800000000
0.00922733100000000
0.00928165300000000
0.00933750000000000
0.00939452900000000
0.00945217000000000
0.00950946600000000
0.00956603800000000
0.00962188500000000
0.00967700800000000
0.00973148200000000
0.00978530700000000
0.00983856000000000
0.00989147000000000
0.00994403700000000
0.00999637400000000
0.01004863600000000
0.01010112600000000
0.01015365500000000
0.01020648800000000
0.01025989400000000
0.01031413900000000
0.01036907100000000
0.01042484200000000
0.01048152800000000
0.01053882500000000
0.01059680800000000
0.01065551600000000
0.01071498800000000
0.01077522200000000
0.01083618000000000
0.01089755900000000
0.01095931900000000
0.01102115500000000
0.01108287700000000
0.01114440800000000
0.01120582500000000
0.01126716500000000
0.01132842900000000
0.01138957900000000
0.01145072800000000
0.01151178700000000
0.01157324200000000
0.01163500200000000
0.01169725800000000
0.01176004800000000
0.01182356200000000
0.01188742000000000
0.01195204100000000
0.01201715800000000
0.01208277100000000
0.01214853600000000
0.01221434000000000
0.01228014300000000
0.01234610000000000
0.01241205600000000
0.01247793600000000
0.01254373900000000
0.01260923700000000
0.01267450700000000
0.01273962400000000
0.01280481700000000
0.01287016300000000
0.01293562300000000
0.01300123600000000
0.01306711600000000
0.01313349100000000
0.01320021000000000
0.01326761600000000
0.01333597500000000
0.01340528800000000
0.01347509700000000
0.01354555500000000
0.01361647000000000
0.01368765200000000
0.01375894900000000
0.01383074200000000
0.01390295400000000
0.01397509000000000
0.01404703500000000
0.01411878900000000
0.01419027700000000
0.01426142100000000
0.01433256500000000
0.01440382400000000
0.01447519700000000
0.01454664600000000
0.01461851500000000
0.01469057400000000
0.01476293900000000
0.01483541800000000
0.01490809900000000
0.01498103600000000
0.01505473600000000
0.01512919900000000
0.01520450100000000
0.01528060400000000
0.01535716500000000
0.01543361200000000
0.01551005800000000
0.01558631400000000
0.01566249400000000
0.01573859700000000
0.01581466200000000
0.01589061300000000
0.01596675400000000
0.01604316200000000
0.01612025700000000
0.01619823000000000
0.01627727000000000
0.01635688300000000
0.01643729700000000
0.01651835900000000
0.01659991700000000
0.01668197200000000
0.01676456000000000
0.01684718600000000
0.01692946900000000
0.01701133300000000
0.01709266200000000
0.01717364800000000
0.01725448100000000
0.01733520000000000
0.01741599600000000
0.01749705800000000
0.01757804400000000
0.01765918300000000
0.01774047400000000
0.01782176500000000
0.01790332300000000
0.01798530100000000
0.01806762200000000
0.01815024900000000
0.01823310400000000
0.01831615000000000
0.01839946300000000
0.01848311900000000
0.01856742400000000
0.01865302600000000
0.01873996300000000
0.01882792900000000
0.01891676400000000
0.01900618100000000
0.01909555900000000
0.01918482300000000
0.01927420100000000
0.01936377000000000
0.01945360700000000
0.01954351900000000
0.01963358400000000
0.01972376300000000
0.01981401900000000
0.01990442800000000
0.01999498800000000
0.02008543500000000
0.02017553800000000
0.02026533600000000
0.02035475300000000
0.02044382600000000
0.02053305100000000
0.02062239200000000
0.02071192300000000
0.02080206400000000
0.02089285400000000
0.02098410100000000
0.02107569200000000
0.02116770300000000
0.02125990400000000
0.02135229600000000
0.02144487900000000
0.02153803300000000
0.02163168400000000
0.02172590700000000
0.02182066400000000
0.02191614600000000
0.02201201000000000
0.02210817800000000
0.02220457600000000
0.02230112600000000
0.02239759900000000
0.02249434000000000
0.02259134800000000
0.02268869900000000
0.02278639300000000
0.02288443100000000
0.02298269700000000
0.02308126900000000
0.02318045100000000
0.02328009100000000
0.02338026500000000
0.02348112600000000
0.02358239700000000
0.02368363900000000
0.02378503300000000
0.02388619900000000
0.02398744100000000
0.02408860700000000
0.02419000100000000
0.02429208300000000
0.02439454600000000
0.02449754200000000
0.02460092100000000
0.02470460400000000
0.02480828800000000
0.02491204700000000
0.02501611200000000
0.02512010100000000
0.02522409000000000
0.02532800200000000
0.02543206700000000
0.02553597900000000
0.02564004400000000
0.02574418500000000
0.02584878400000000
0.02595384100000000
0.02605927900000000
0.02616494700000000
0.02627061400000000
0.02637628100000000
0.02648187200000000
0.02658776800000000
0.02669396900000000
0.02680055100000000
0.02690774400000000
0.02701623400000000
0.02712594500000000
0.02723695300000000
0.02734910500000000
0.02746179100000000
0.02757424800000000
0.02768617200000000
0.02779748400000000
0.02790834000000000
0.02801881300000000
0.02812913400000000
0.02823937900000000
0.02834992900000000
0.02846078400000000
0.02857202100000000
0.02868371500000000
0.02879556200000000
0.02890746100000000
0.02901938400000000
0.02913138400000000
0.02924361200000000
0.02935637500000000
0.02946959500000000
0.02958350200000000
0.02969824800000000
0.02981383300000000
0.02993010500000000
0.03004691100000000
0.03016394600000000
0.03028105700000000
0.03039801600000000
0.03051489800000000
0.03063185700000000
0.03074873900000000
0.03086569800000000
0.03098288500000000
0.03110007300000000
0.03121733700000000
0.03133467700000000
0.03145194100000000
0.03156928100000000
0.03168685000000000
0.03180541000000000
0.03192511600000000
0.03204611800000000
0.03216864600000000
0.03229224200000000
0.03241606700000000
0.03253974000000000
0.03266303100000000
0.03278609300000000
0.03290938400000000
0.03303320900000000
0.03315749200000000
0.03328215600000000
0.03340682000000000
0.03353110300000000
0.03365500500000000
0.03377867700000000
0.03390234900000000
0.03402617500000000
0.03415022900000000
0.03427435900000000
0.03439879400000000
0.03452353500000000
0.03464842800000000
0.03477362600000000
0.03489929000000000
0.03502532700000000
0.03515189900000000
0.03527908100000000
0.03540672100000000
0.03553458900000000
0.03566268700000000
0.03579116600000000
0.03591995000000000
0.03604903900000000
0.03617843400000000
0.03630813400000000
0.03643768100000000
0.03656722800000000
0.03669677500000000
0.03682639800000000
0.03695609800000000
0.03708617900000000
0.03721648900000000
0.03734741000000000
0.03747970300000000
0.03761352300000000
0.03774856300000000
0.03788490100000000
0.03802207700000000
0.03815917700000000
0.03829604900000000
0.03843246200000000
0.03856849400000000
0.03870399200000000
0.03883933800000000
0.03897437800000000
0.03910941800000000
0.03924445900000000
0.03937957500000000
0.03951469200000000
0.03964980800000000
0.03978492500000000
0.03992019400000000
0.04005607600000000
0.04019241300000000
0.04032928500000000
0.04046691900000000
0.04060501100000000
0.04074325600000000
0.04088188200000000
0.04102088900000000
0.04116043100000000
0.04130073500000000
0.04144195600000000
0.04158391000000000
0.04172642700000000
0.04186917300000000
0.04201169000000000
0.04215390200000000
0.04229580900000000
0.04243748700000000
0.04257931700000000
0.04272145300000000
0.04286366500000000
0.04300610500000000
0.04314862300000000
0.04329098700000000
0.04343312300000000
0.04357518200000000
0.04371731800000000
0.04385952900000000
0.04400189400000000
0.04414425800000000
0.04428669900000000
0.04442906400000000
0.04457112300000000
0.04471280100000000
0.04485432600000000
0.04499615700000000
0.04513798700000000
0.04528012300000000
0.04542264000000000
0.04556538600000000
0.04570813200000000
0.04585125900000000
0.04599476800000000
0.04613850600000000
0.04628239600000000
0.04642636300000000
0.04657002400000000
0.04671330500000000
0.04685643200000000
0.04699948300000000
0.04714200000000000
0.04728451700000000
0.04742688200000000
0.04756894100000000
0.04771084800000000
0.04785275500000000
0.04799466100000000
0.04813679700000000
0.04827900900000000
0.04842099200000000
0.04856312800000000
0.04870541600000000
0.04884769900000000
0.04899014000000000
0.04913303900000000
0.04927586100000000
0.04941845400000000
0.04956089500000000
0.04970341200000000
0.04984631100000000
0.04998951400000000
0.05013310000000000
0.05027706600000000
0.05042149100000000
0.05056576300000000
0.05070995800000000
0.05085430600000000
0.05099865400000000
0.05114277400000000
0.05128666400000000
0.05143055400000000
0.05157452100000000
0.05171864000000000
0.05186260700000000
0.05200649700000000
0.05215046400000000
0.05229412600000000
0.05243771100000000
0.05258114300000000
0.05272457600000000
0.05286793200000000
0.05301121200000000
0.05315418700000000
0.05329731500000000
0.05344044200000000
0.05358372200000000
0.05372715500000000
0.05387066400000000
0.05401432500000000
0.05415821600000000
0.05430233500000000
0.05444668300000000
0.05459118400000000
0.05473591300000000
0.05488064300000000
0.05502537300000000
0.05517010200000000
0.05531483200000000
0.05545940900000000
0.05560368100000000
0.05574795200000000
0.05589245300000000
0.05603702500000000
0.05618213700000000
0.05632778200000000
0.05647350300000000
0.05661930100000000
0.05676525100000000
0.05691104900000000
0.05705677000000000
0.05720241500000000
0.05734783200000000
0.05749294300000000
0.05763820600000000
0.05778347000000000
0.05792888600000000
0.05807445500000000
0.05821979500000000
0.05836483000000000
0.05850971200000000
0.05865467100000000
0.05879993400000000
0.05894558000000000
0.05909145400000000
0.05923755600000000
0.05938381200000000
0.05952976200000000
0.05967548400000000
0.05982120500000000
0.05996692700000000
0.06011264800000000
0.06025836900000000
0.06040424300000000
0.06055027000000000
0.06069629700000000
0.06084217100000000
0.06098804500000000
0.06113391900000000
0.06127979300000000
0.06142574300000000
0.06157184600000000
0.06171855900000000
0.06186611200000000
0.06201427500000000
0.06216259000000000
0.06231090500000000
0.06245891600000000
0.06260616300000000
0.06275287600000000
0.06289966600000000
0.06304645500000000
0.06319339800000000
0.06334055900000000
0.06348780600000000
0.06363505400000000
0.06378230100000000
0.06392954800000000
0.06407664300000000
0.06422381400000000
0.06437068000000000
0.06451746900000000
0.06466403000000000
0.06481059100000000
0.06495707500000000
0.06510355900000000
0.06525027300000000
0.06539691000000000
0.06554385200000000
0.06569109900000000
0.06583888100000000
0.06598696700000000
0.06613528300000000
0.06628375100000000
0.06643221900000000
0.06658068700000000
0.06672907800000000
0.06687769900000000
0.06702647200000000
0.06717555000000000
0.06732462900000000
0.06747393600000000
0.06762332000000000
0.06777270300000000
0.06792185800000000
0.06807093600000000
0.06821993800000000
0.06836878800000000
0.06851748500000000
0.06866618200000000
0.06881495500000000
0.06896388100000000
0.06911265400000000
0.06926188500000000
0.06941134500000000
0.06956072800000000
0.06970988300000000
0.06985896100000000
0.07000773400000000
0.07015620200000000
0.07030467000000000
0.07045352000000000
0.07060236900000000
0.07075153800000000
0.07090076900000000
0.07105030500000000
0.07119976500000000
0.07134960700000000
0.07149921900000000
0.07164906000000000
0.07179890200000000
0.07194866700000000
0.07209827900000000
0.07224819700000000
0.07239780900000000
0.07254742100000000
0.07269711000000000
0.07284718000000000
0.07299763200000000
0.07314846500000000
0.07329968000000000
0.07345120000000000
0.07360241400000000
0.07375355200000000
0.07390484300000000
0.07405598200000000
0.07420704400000000
0.07435802900000000
0.07450886200000000
0.07465961900000000
0.07481052900000000
0.07496143800000000
0.07511288200000000
0.07526455400000000
0.07541622600000000
0.07556782200000000
0.07571957100000000
0.07587109100000000
0.07602261100000000
0.07617397800000000
0.07632526900000000
0.07647640700000000
0.07662762200000000
0.07677883600000000
0.07693020300000000
0.07708180000000000
0.07723370100000000
0.07738544900000000
0.07753727400000000
0.07768925200000000
0.07784100100000000
0.07799259700000000
0.07814449800000000
0.07829645600000000
0.07844889200000000
0.07860231900000000
0.07875681400000000
0.07891237700000000
0.07906923800000000
0.07922632700000000
0.07938433200000000
0.07954195500000000
0.07969843400000000
0.07985353900000000
0.08000819200000000
0.08016108500000000
0.08031344400000000
0.08046595600000000
0.08061884900000000
0.08077189400000000
0.08092509300000000
0.08107867200000000
0.08123255700000000
0.08138629000000000
0.08154009800000000
0.08169413600000000
0.08184802100000000
0.08200182900000000
0.08215571400000000
0.08230975200000000
0.08246386500000000
0.08261775000000000
0.08277155900000000
0.08292529100000000
0.08307879400000000
0.08323206900000000
0.08338572500000000
0.08353961000000000
0.08369380000000000
0.08384821900000000
0.08400294300000000
0.08415782000000000
0.08431284900000000
0.08446803100000000
0.08462336500000000
0.08477915800000000
0.08493495000000000
0.08509097100000000
0.08524699200000000
0.08540309000000000
0.08555903400000000
0.08571497900000000
0.08587077100000000
0.08602621100000000
0.08618154500000000
0.08633672700000000
0.08649160400000000
0.08664648100000000
0.08680135700000000
0.08695615800000000
0.08711088200000000
0.08726598700000000
0.08742147400000000
0.08757734300000000
0.08773359300000000
0.08788991900000000
0.08804616900000000
0.08820241900000000
0.08835851700000000
0.08851461400000000
0.08867101700000000
0.08882772400000000
0.08898458500000000
0.08914167400000000
0.08929876300000000
0.08945577600000000
0.08961294200000000
0.08977026000000000
0.08992773100000000
0.09008550600000000
0.09024374000000000
0.09040205000000000
0.09056074100000000
0.09071966200000000
0.09087858200000000
0.09103757900000000
0.09119657500000000
0.09135557200000000
0.09151433900000000
0.09167287800000000
0.09183095900000000
0.09198843000000000
0.09214498500000000
0.09230047200000000
0.09245527300000000
0.09260900500000000
0.09276166900000000
0.09291311300000000
0.09306348800000000
0.09321302400000000
0.09336225500000000
0.09351156200000000
0.09366125100000000
0.09381135000000000
0.09396180200000000
0.09411248200000000
0.09426346800000000
0.09441468200000000
0.09456666000000000
0.09471901900000000
0.09487183600000000
0.09502503400000000
0.09517869000000000
0.09533234600000000
0.09548615500000000
0.09564003900000000
0.09579400100000000
0.09594796200000000
0.09610192300000000
0.09625603700000000
0.09641007400000000
0.09656441700000000
0.09671921700000000
0.09687424700000000
0.09702965700000000
0.09718514400000000
0.09734070800000000
0.09749611900000000
0.09765160600000000
0.09780716900000000
0.09796273200000000
0.09805611600000000
0.09821124700000000
0.09836696600000000
0.09852261100000000
0.09867847700000000
0.09883463700000000
0.09899101800000000
0.09914614800000000
0.09930098500000000
0.09945464500000000
0.09961029100000000
0.09976512700000000
0.09991952300000000
0.10007583000000000
0.10023309300000000
0.10038748800000000
0.10054232500000000
0.10069723500000000
0.10085045400000000
0.10100271800000000
0.10115689300000000
0.10130952400000000
0.10146502200000000
0.10162041900000000
0.10177657900000000
0.10192972500000000
0.10208581200000000
0.10224050100000000
0.10239666100000000
0.10255105700000000
0.10270552600000000
0.10286146500000000
0.10301505200000000
0.10316724200000000
0.10332038800000000
0.10347618000000000
0.10362991400000000
0.10378585300000000
0.10394252800000000
0.10409964400000000
0.10425528900000000
0.10441181700000000
0.10456658000000000
0.10472266600000000
0.10487765000000000
0.10503226600000000
0.10518526500000000
0.10534098400000000
0.10549685000000000
0.10565161300000000
0.10580799300000000
0.10596378600000000
0.10611884300000000
0.10627345900000000
0.10642991300000000
0.10658445600000000
0.10670922200000000
0.10681862200000000
0.10691236200000000
0.10698978100000000
0.10706697900000000
0.10714564700000000
0.10722365300000000
0.10730099800000000
0.10736135900000000
0.10739238500000000
0.10740797200000000
0.10742370600000000
0.10743929200000000
0.10745451100000000
0.10746965700000000
0.10748502300000000
0.10750016800000000
0.10751516700000000
0.10753009200000000
0.10754509000000000
0.10756030900000000
0.10757589600000000
0.10759148200000000
0.10760699500000000
0.10762214100000000
0.10763758000000000
0.10765324000000000
0.10766845900000000
0.10768353100000000
0.10769853000000000
0.10771367500000000
0.10772904100000000
0.10774426000000000
0.10775933200000000
0.10777440400000000
0.10778984400000000
0.10780543000000000
0.10782109000000000
0.10783630900000000
0.10785160200000000
0.10786711500000000
0.10788255400000000
0.10789770000000000
0.10791247800000000
0.10792732900000000
0.10794225400000000
0.10795710500000000
0.10797195700000000
0.10798688200000000
0.10800173300000000
0.10801665800000000
0.10803187700000000
0.10804724300000000
0.10806268300000000
0.10807819600000000
0.10809370900000000
0.10810944200000000
0.10812510200000000
0.10814032100000000
0.10815539300000000
0.10817031800000000
0.10818517000000000
0.10820024200000000
0.10821538700000000
0.10823060600000000
0.10824553100000000
0.10826045600000000
0.10827574800000000
0.10829133500000000
0.10830714200000000
0.10832272900000000
0.10833802100000000
0.10835346100000000
0.10836882700000000
0.10838411900000000
0.10839911800000000
0.10841411600000000
0.10842933500000000
0.10844455400000000
0.10845999400000000
0.10847550700000000
0.10849094600000000
0.10850638600000000
0.10852182500000000
0.10853726500000000
0.10855263100000000
0.10856799700000000
0.10858321600000000
0.10859836100000000
0.10861358000000000
0.10862887300000000
0.10864401800000000
0.10865938400000000
0.10867475100000000
0.10869004300000000
0.10870555600000000
0.10872129000000000
0.10873695000000000
0.10875275700000000
0.10876856400000000
0.10878422400000000
0.10879973700000000
0.10881532400000000
0.10883091100000000
0.10884627700000000
0.10886171600000000
0.10887722900000000
0.10889259500000000
0.10890803500000000
0.10892354800000000
0.10893920800000000
0.10895472100000000
0.10897030800000000
0.10900206900000000
0.10901780300000000
0.10903361000000000
0.10904941700000000
0.10906507700000000
0.10908044300000000
0.10909580900000000
0.10911102800000000
0.10912624700000000
0.10914168700000000
0.10915727300000000
0.10917278600000000
0.10918815200000000
0.10920359200000000
0.10921903100000000
0.10923454500000000
0.10925023200000000
0.10926574500000000
0.10928133200000000
0.10929691900000000
0.10931235800000000
0.10932794500000000
0.10934345800000000
0.10935904400000000
0.10937470400000000
0.10939043800000000
0.10940609800000000
0.10942190500000000
0.10943763900000000
0.10945344600000000
0.10946962100000000
0.10948542800000000
0.10950108800000000
0.10951682200000000
0.10953240800000000
0.10954806900000000
0.10956372900000000
0.10957953600000000
0.10959534300000000
0.10962681000000000
0.10965732200000000
0.10968849500000000
0.10971966800000000
0.10975113500000000
0.10978230900000000
0.10981407000000000
0.10984568400000000
0.10987656300000000
0.10990810400000000
0.10993986600000000
0.10997111200000000
0.11000265300000000
0.11003353200000000
0.11006463200000000
0.11009632000000000
0.11012741900000000
0.11015829800000000
0.11018939800000000
0.11021998300000000
0.11025027400000000
0.11028100600000000
0.11031195900000000
0.11034291100000000
0.11037320200000000
0.11040444900000000
0.11043628400000000
0.11048267600000000
0.11052899500000000
0.11056002100000000
0.11059045900000000
0.11062097000000000
0.11065243800000000
0.11068317000000000
0.11071390200000000
0.11074595700000000
0.11077698300000000
0.11080830400000000
0.11083955000000000
0.11086984100000000
0.11090072000000000
0.11093211400000000
0.11096321400000000
0.11099446000000000
0.11102592800000000
0.11105739500000000
0.11108864200000000
0.11111988800000000
0.11115098800000000
0.11118223500000000
0.11121362900000000
0.11124487500000000
0.11127597500000000
0.11130729500000000
0.11133854200000000
0.11137015600000000
0.11140140300000000
0.11143228200000000
0.11146397000000000
0.11149507000000000
0.11152536000000000
0.11157307600000000
0.11161939500000000
0.11166718400000000
0.11173041200000000
0.11180871300000000
0.11190289400000000
0.11204067400000000
0.11219279000000000
0.11234174500000000
0.11248996500000000
0.11263553800000000
0.11278331600000000
0.11293278600000000
0.11308453500000000
0.11323701900000000
0.11339317900000000
0.11354992700000000
0.11365903300000000
0.11375417000000000
0.11383232400000000
0.11389481700000000
0.11395811900000000
0.11400517300000000
0.11405127100000000
0.11408237100000000
0.11411325000000000
0.11414508500000000
0.11417618400000000
0.11420728400000000
0.11423875100000000
0.11427007200000000
0.11430161200000000
0.11433285900000000
0.11436417900000000
0.11439564700000000
0.11442704000000000
0.11444284800000000
0.11445880200000000
0.11447438800000000
0.11448968100000000
0.11450497300000000
0.11452063400000000
0.11453658800000000
0.11455239500000000
0.11456812900000000
0.11458393600000000
0.11459966900000000
0.11461555000000000
0.11463165100000000
0.11464760500000000
0.11466311900000000
0.11467863200000000
0.11469429200000000
0.11470980500000000
0.11472524400000000
0.11474053700000000
0.11475612300000000
0.11477185700000000
0.11478803200000000
0.11480413300000000
0.11482001400000000
0.11483618900000000
0.11485243700000000
0.11486846500000000
0.11488449200000000
0.11490037300000000
0.11491610700000000
0.11493206100000000
0.11494816200000000
0.11496411600000000
0.11498029100000000
0.11499624500000000
0.11501205200000000
0.11502786000000000
0.11504359300000000
0.11505962100000000
0.11507557500000000
0.11509138200000000
0.11510733600000000
0.11512329100000000
0.11513917100000000
0.11515497900000000
0.11517063900000000
0.11518629900000000
0.11520232600000000
0.11521872200000000
0.11523460200000000
0.11525018900000000
0.11526599600000000
0.11528209700000000
0.11529819900000000
0.11531415300000000
0.11533003400000000
0.11534562000000000
0.11536128000000000
0.11537708700000000
0.11539282100000000
0.11540862800000000
0.11542436200000000
0.11544009600000000
0.11545627000000000
0.11547251900000000
0.11548876700000000
0.11550508900000000
0.11552104300000000
0.11553677700000000
0.11555265700000000
0.11556861100000000
0.11558441900000000
0.11560015200000000
0.11561610600000000
0.11563235500000000
0.11564838200000000
0.11566433700000000
0.11568036400000000
0.11569646600000000
0.11571242000000000
0.11572830100000000
0.11574410800000000
0.11576013500000000
0.11577616300000000
0.11579219100000000
0.11580829200000000
0.11582439300000000
0.11584049500000000
0.11585630200000000
0.11587210900000000
0.11588791600000000
0.11590379700000000
0.11593570500000000
0.11596901100000000
0.11600172800000000
0.11603319500000000
0.11606532400000000
0.11609774700000000
0.11613039100000000
0.11616318100000000
0.11619626600000000
0.11622905700000000
0.11626184700000000
0.11629441700000000
0.11634404500000000
0.11642675600000000
0.11655630200000000
0.11660519400000000
0.11665415900000000
0.11668709700000000
0.11672025500000000
0.11675348700000000
0.11678635100000000
0.11681943600000000
0.11685332900000000
0.11686987200000000
0.11688656100000000
0.11690295600000000
0.11691927800000000
0.11693574700000000
0.11695243600000000
0.11696942000000000
0.11698633000000000
0.11700294600000000
0.11701941500000000
0.11703610400000000
0.11705272000000000
0.11706911500000000
0.11708558400000000
0.11710232900000000
0.11711901800000000
0.11713548700000000
0.11715195600000000
0.11716842500000000
0.11718489400000000
0.11720165700000000
0.11721827200000000
0.11723525600000000
0.11725223900000000
0.11726937000000000
0.11728642700000000
0.11730304300000000
0.11731980600000000
0.11733693600000000
0.11735377300000000
0.11737046200000000
0.11738707800000000
0.11740384100000000
0.11742104500000000
0.11743817600000000
0.11745493900000000
0.11747199600000000
0.11748927300000000
0.11750633000000000
0.11752346100000000
0.11754081200000000
0.11755823700000000
0.11757551400000000
0.11760970200000000
0.11764418300000000
0.11767851800000000
0.11771329400000000
0.11774843700000000
0.11780071100000000
0.11790525900000000
0.11802818700000000
0.11808002000000000
0.11813251400000000
0.11816773100000000
0.11820280100000000
0.11823868000000000
0.11827463200000000
0.11831014300000000
0.11834587400000000
0.11838197300000000
0.11841792600000000
0.11845395100000000
0.11849063900000000
0.11852666400000000
0.11856357200000000
0.11860025900000000
0.11865518000000000
0.11884221900000000
0.11889883100000000
0.11893640000000000
0.11897397000000000
0.11901205400000000
0.11905028600000000
0.11908910500000000
0.11910880900000000
0.11912851300000000
0.11914777500000000
0.11916703800000000
0.11918585900000000
0.11920482800000000
0.11922379700000000
0.11924291200000000
0.11926217500000000
0.11928129100000000
0.11930040600000000
0.11931952200000000
0.11933863800000000
0.11935790000000000
0.11937731000000000
0.11939627900000000
0.11941510000000000
0.11943406900000000
0.11945281700000000
0.11947178500000000
0.11949090100000000
0.11950987000000000
0.11952869100000000
0.11954751300000000
0.11956633400000000
0.11958515600000000
0.11960412400000000
0.11962272500000000
0.11964125300000000
0.11966051500000000
0.11968007200000000
0.11969918800000000
0.11971786200000000
0.11973646300000000
0.11975543200000000
0.11977425300000000
0.11979322200000000
0.11981219100000000
0.11983101200000000
0.11984998100000000
0.11986924300000000
0.11988806500000000
0.11990747500000000
0.11992673700000000
0.11994600000000000
0.11996526300000000
0.11998467200000000
0.12000378800000000
0.12002275700000000
0.12004172500000000
0.12006084100000000
0.12007951500000000
0.12009826300000000
0.12011723200000000
0.12013649500000000
0.12015575700000000
0.12017487300000000
0.12019413600000000
0.12021310400000000
0.12023222000000000
0.12025096800000000
0.12026979000000000
0.12028875800000000
0.12030750600000000
0.12032603400000000
0.12034478200000000
0.12036375000000000
0.12038271900000000
0.12040183400000000
0.12042095000000000
0.12043969800000000
0.12045822600000000
0.12047719400000000
0.12049631000000000
0.12051542500000000
0.12053483500000000
0.12055409800000000
0.12057321300000000
0.12059203500000000
0.12061048900000000
0.12062857500000000
0.12064710300000000
0.12066621800000000
0.12068533400000000
0.12070415600000000
0.12072283000000000
0.12074128400000000
0.12075995900000000
0.12077878000000000
0.12079760200000000
0.12081642300000000
0.12083539200000000
0.12085436000000000
0.12087332900000000
0.12089215100000000
0.12091067800000000
0.12092883800000000
0.12094721800000000
0.12096604000000000
0.12098478800000000
0.12100338900000000
0.12102235700000000
0.12104103200000000
0.12105948600000000
0.12109676100000000
0.12113440400000000
0.12117197400000000
0.12119079600000000
0.12120976400000000
0.12122858600000000
0.12124755400000000
0.12126652300000000
0.12128563900000000
0.12130446000000000
0.12132342900000000
0.12134225000000000
0.12136092500000000
0.12139900900000000
0.12143672600000000
0.12162788200000000
0.12168537600000000
0.12176213200000000
0.12195417100000000
0.12201225300000000
0.12205063200000000
0.12208901000000000
0.12214797400000000
0.12224619900000000
0.12242265100000000
0.12250087800000000
0.12257969400000000
0.12265880300000000
0.12273747100000000
0.12293642100000000
0.12313698800000000
0.12325829900000000
0.12333961400000000
0.12342019300000000
0.12352268300000000
0.12372692600000000
0.12378868400000000
0.12385058900000000
0.12389132000000000
0.12393146300000000
0.12397204700000000
0.12401366000000000
0.12405497900000000
0.12409629900000000
0.12413776500000000
0.12417937800000000
0.12422069700000000
0.12426186900000000
0.12430304200000000
0.12434450800000000
0.12438715000000000
0.12442979300000000
0.12447184700000000
0.12451390200000000
0.12455566200000000
0.12459801100000000
0.12466123900000000
0.12472446800000000
0.12480901800000000
0.12489430300000000
0.12500326200000000
0.12513163100000000
0.12528102700000000
0.12538792700000000
0.12551512000000000
0.12564422400000000
0.12575200700000000
0.12588361100000000
0.12607903100000000
0.12629812600000000
0.12651751400000000
0.12669352500000000
0.12691271200000000
0.12713180600000000
0.12724047100000000
0.12732855000000000
0.12739501400000000
0.12746147800000000
0.12752926500000000
0.12757293600000000
0.12761763800000000
0.12766292700000000
0.12770806900000000
0.12775247600000000
0.12779717800000000
0.12784173200000000
0.12788687400000000
0.12793231000000000
0.12797745300000000
0.12802288900000000
0.12806744300000000
0.12811170300000000
0.12813405400000000
0.12815699300000000
0.12817993100000000
0.12820242900000000
0.12822551500000000
0.12824830700000000
0.12827065700000000
0.12829315500000000
0.12831565200000000
0.12833844400000000
0.12836123600000000
0.12838402800000000
0.12840696600000000
0.12842975800000000
0.12845225600000000
0.12847445900000000
0.12849681000000000
0.12854180500000000
0.12858738900000000
0.12863267800000000
0.12870120000000000
0.12892735300000000
0.12899631600000000
0.12904131100000000
0.12908733600000000
0.12913394900000000
0.12917967900000000
0.12922526300000000
0.12927143400000000
0.12931657600000000
0.12936274800000000
0.12940847900000000
0.12945465000000000
0.12950096900000000
0.12954714000000000
0.12959316500000000
0.12963948400000000
0.12968550800000000
0.12975476600000000
0.12998797600000000
0.13022104000000000
0.13031456000000000
0.13036205500000000
0.13040896200000000
0.13045601500000000
0.13050351000000000
0.13055100500000000
0.13057497300000000
0.13059894200000000
0.13062261600000000
0.13064599500000000
0.13066922800000000
0.13069246100000000
0.13071598800000000
0.13073966200000000
0.13076363000000000
0.13078759800000000
0.13081141900000000
0.13083509300000000
0.13085920800000000
0.13088317600000000
0.13090699700000000
0.13093096500000000
0.13095493300000000
0.13097875500000000
0.13100287000000000
0.13102683800000000
0.13105080600000000
0.13107477400000000
0.13109874200000000
0.13112256300000000
0.13114623700000000
0.13117005800000000
0.13119387900000000
0.13121755300000000
0.13124152100000000
0.13126548900000000
0.13128916300000000
0.13131298400000000
0.13133709900000000
0.13136092000000000
0.13140856200000000
0.13145591000000000
0.13150311100000000
0.13155075300000000
0.13159913000000000
0.13164692000000000
0.13169470900000000
0.13174191000000000
0.13178955200000000
0.13183748800000000
0.13188674700000000
0.13193527200000000
0.13198320800000000
0.13203173200000000
0.13207952100000000
0.13212760400000000
0.13217583400000000
0.13222362400000000
0.13227141300000000
0.13231979000000000
0.13236816700000000
0.13241625000000000
0.13246433300000000
0.13251300500000000
0.13256197000000000
0.13261181800000000
0.13266093000000000
0.13271063100000000
0.13275959700000000
0.13280782700000000
0.13285664500000000
0.13290590500000000
0.13295560500000000
0.13300501200000000
0.13305441800000000
0.13310294300000000
0.13315220200000000
0.13320160900000000
0.13325130900000000
0.13330071600000000
0.13335056400000000
0.13340055800000000
0.13344981800000000
0.13349937200000000
0.13354907200000000
0.13359862600000000
0.13364847400000000
0.13369861500000000
0.13374802200000000
0.13379639900000000
0.13386962700000000
0.13394417800000000
0.13401975800000000
0.13409533800000000
0.13419606300000000
0.13429678800000000
0.13442280400000000
0.13459940300000000
0.13472527200000000
0.13482643800000000
0.13492833900000000
0.13503126900000000
0.13510861400000000
0.13518448800000000
0.13526109800000000
0.13533770800000000
0.13541417000000000
0.13551607100000000
0.13561929600000000
0.13572369600000000
0.13585434400000000
