0.00000058153644204140
0.00000128099694848061
0.00000187376514077187
0.00000223347917199135
0.00000228751450777054
0.00000225864350795746
0.00000208050012588501
0.00000193113461136818
0.00000184263102710247
0.00000180082395672798
0.00000192014966160059
0.00000219529960304499
0.00000250546727329493
0.00000288723502308130
0.00000334097538143396
0.00000386460218578577
0.00000448285136371851
0.00000510691199451685
0.00000581114087253809
0.00000638349447399378
0.00000678821001201868
0.00000698591116815805
0.00000714060384780169
0.00000728887040168047
0.00000776877626776695
0.00000857016071677208
0.00000980755314230919
0.00001151284202933310
0.00001355966553092000
0.00001576026901602740
0.00001788696274161340
0.00001988133415579800
0.00002155145630240440
0.00002299269661307340
0.00002428909763693810
0.00002564510330557820
0.00002725502476096150
0.00002928158268332480
0.00003176352009177210
0.00003491422161459920
0.00003866693004965780
0.00004284640774130820
0.00004735728725790980
0.00005194207653403280
0.00005630513653159140
0.00006069203838706020
0.00006496449932456020
0.00006919166073203090
0.00007367154583334920
0.00007851621136069300
0.00008341094478964810
0.00008842727169394490
0.00009351035580039020
0.00009841939434409140
0.00010296603664755800
0.00010715028271079100
0.00011093398556113200
0.00011426707729697200
0.00011723419651389100
0.00012004872784018500
0.00012279411777854000
0.00012564202770590800
0.00012868424877524400
0.00013183256611228000
0.00013501664623618100
0.00013828536495566400
0.00014145633205771400
0.00014440676197409600
0.00014722725376486800
0.00014986297115683600
0.00015239020809531200
0.00015487929806113200
0.00015750309452414500
0.00016021391376853000
0.00016304468736052500
0.00016586160287261000
0.00016885614022612600
0.00017190193757414800
0.00017504310235381100
0.00017829274758696600
0.00018144464120268800
0.00018445229157805400
0.00018740748986601800
0.00019076680764555900
0.00019447660073638000
0.00019873714074492500
0.00020333146676421200
0.00020821427926421200
0.00021294211968779600
0.00021759843453764900
0.00022224044427275700
0.00022682284936308900
0.00023124312981963200
0.00023533677682280500
0.00023910379037261000
0.00024252509698271800
0.00024574851617217100
0.00024891352280974400
0.00025222515687346500
0.00025559401139617000
0.00025905584916472400
0.00026251530274748800
0.00026588415727019300
0.00026904201135039300
0.00027206277474761000
0.00027486180886626200
0.00027759527787566200
0.00028043365105986600
0.00028347944840788800
0.00028663611039519300
0.00028993582352995900
0.00029318546876311300
0.00029645895585417700
0.00029972409829497300
0.00030319547280669200
0.00030670499429106700
0.00031041001901030500
0.00031392905861139300
0.00031725738197565100
0.00032018635421991300
0.00032293293625116300
0.00032546374946832700
0.00032804105430841400
0.00033067557960748700
0.00033347282558679600
0.00033632431179285000
0.00033934030681848500
0.00034226808696985200
0.00034534726291894900
0.00034859690815210300
0.00035204920917749400
0.00035564217716455500
0.00035945210605859800
0.00036314044147729900
0.00036676201969385100
0.00037035260349512100
0.00037379775196313900
0.00037715706974268000
0.00038062844425439800
0.00038413796573877300
0.00038759980350732800
0.00039106402546167400
0.00039449963718652700
0.00039782557636499400
0.00040104184299707400
0.00040417823940515500
0.00040729437023401300
0.00041046176105737700
0.00041359577327966700
0.00041665587574243500
0.00041964445263147400
0.00042252335697412500
0.00042528901249170300
0.00042802367359399800
0.00043077025562524800
0.00043356332927942300
0.00043641362339258200
0.00043940339237451600
0.00044239316135644900
0.00044547352939844100
0.00044868979603052100
0.00045213256031274800
0.00045567784458398800
0.00045956406742334400
0.00046356711536645900
0.00046760831028223000
0.00047163520008325600
0.00047568593174219100
0.00047958407551050200
0.00048345837742090200
0.00048737082630395900
0.00049115214496851000
0.00049483332782983800
0.00049834284931421300
0.00050164718180894900
0.00050477046519517900
0.00050783295184373900
0.00051075953990221000
0.00051364440470933900
0.00051651258021593100
0.00051927823573350900
0.00052196044474840200
0.00052462954074144400
0.00052739638835191700
0.00053015965968370400
0.00053305286914110200
0.00053599257022142400
0.00053893584758043300
0.00054186243563890500
0.00054487485438585300
0.00054785985499620400
0.00055097121745348000
0.00055424232035875300
0.00055745143443346000
0.00056062478572130200
0.00056382913142442700
0.00056697744876146300
0.00057013530284166300
0.00057347793132066700
0.00057687539607286500
0.00058032292872667300
0.00058374900370836300
0.00058705348521471000
0.00059039134532213200
0.00059374589473009100
0.00059705276042223000
0.00060035247355699500
0.00060369033366441700
0.00060686726123094600
0.00061020988970994900
0.00061378378421068200
0.00061736721545457800
0.00062103170901536900
0.00062481064349412900
0.00062847748398780800
0.00063197031617164600
0.00063542500138282800
0.00063877716660499600
0.00064210787415504500
0.00064537182450294500
0.00064863339066505400
0.00065208569169044500
0.00065559998154640200
0.00065908327698707600
0.00066262304782867400
0.00066607058048248300
0.00066934645175933800
0.00067246258258819600
0.00067551553249359100
0.00067847073078155500
0.00068143784999847400
0.00068440735340118400
0.00068759500980377200
0.00069079697132110600
0.00069408953189849900
0.00069741547107696500
0.00070085585117340100
0.00070446074008941600
0.00070830643177032500
0.00071237862110137900
0.00071653664112091100
0.00072081863880157500
0.00072485029697418200
0.00072872936725616500
0.00073236048221588100
0.00073592483997345000
0.00073922932147979700
0.00074246942996978800
0.00074553787708282500
0.00074845969676971400
0.00075136721134185800
0.00075424134731292700
0.00075707256793975800
0.00076001346111297600
0.00076290667057037400
0.00076568663120269800
0.00076839148998260500
0.00077098786830902100
0.00077340304851532000
0.00077585995197296100
0.00077838480472564700
0.00078098595142364500
0.00078373134136200000
0.00078675806522369400
0.00079030811786651600
0.00079425871372222900
0.00079855501651763900
0.00080313980579376200
0.00080774366855621300
0.00081202328205108600
0.00081599295139312700
0.00081967890262603800
0.00082306444644928000
0.00082628548145294200
0.00082937657833099400
0.00083239518105983700
0.00083528600633144400
0.00083820305764675100
0.00084131918847560900
0.00084468804299831400
0.00084825001657009100
0.00085202418267726900
0.00085591278970241500
0.00085966549813747400
0.00086316786706447600
0.00086635671555995900
0.00086944065988063800
0.00087239466607570600
0.00087521754205226900
0.00087797127664089200
0.00088080249726772300
0.00088350258767604800
0.00088605962693691300
0.00088860236108303100
0.00089119635522365600
0.00089377127587795300
0.00089642964303493500
0.00089932046830654100
0.00090238057076931000
0.00090562067925930000
0.00090904198586940800
0.00091260872781276700
0.00091623269021511100
0.00091998301446437800
0.00092363081872463200
0.00092716179788112600
0.00093074522912502300
0.00093428574502468100
0.00093782864511013000
0.00094148837029933900
0.00094518385827541300
0.00094878159463405600
0.00095230780541896800
0.00095569811761379200
0.00095911227166652700
0.00096265040338039400
0.00096630297601223000
0.00097000561654567700
0.00097366295754909500
0.00097712002694606800
0.00098050318658351900
0.00098381720483303100
0.00098722659051418300
0.00099075756967067700
0.00099434576928615600
0.00099782116711139700
0.00100118763744831000
0.00100438721477985000
0.00100759275257587000
0.00101071126759052000
0.00101384527981281000
0.00101690299808979000
0.00101995714008808000
0.00102278716862202000
0.00102557308971882000
0.00102823980152607000
0.00103099711239338000
0.00103372342884541000
0.00103640325367451000
0.00103919513523579000
0.00104211814701557000
0.00104503162205219000
0.00104796536266804000
0.00105104453861713000
0.00105403669178486000
0.00105697996914387000
0.00105996973812580000
0.00106291301548481000
0.00106578595936298000
0.00106866009533405000
0.00107145436108112000
0.00107425935566425000
0.00107731826603413000
0.00108088977634907000
0.00108477361500263000
0.00108906038105488000
0.00109336383640766000
0.00109757430851459000
0.00110151775181293000
0.00110531814396381000
0.00110890634357929000
0.00111251600086689000
0.00111592061817646000
0.00111917026340961000
0.00112237699329853000
0.00112545974552631000
0.00112836010754108000
0.00113137133419514000
0.00113437063992023000
0.00113753445446491000
0.00114093191921711000
0.00114476568996906000
0.00114894278347492000
0.00115334399044514000
0.00115761645138264000
0.00116178400814533000
0.00116563446819782000
0.00116919405758381000
0.00117249138653278000
0.00117569096386433000
0.00117866523563862000
0.00118151791393757000
0.00118428833782673000
0.00118696220219135000
0.00118946321308613000
0.00119210012257099000
0.00119472868740559000
0.00119752176105976000
0.00120053179562092000
0.00120371110737324000
0.00120690472424030000
0.00121044762432575000
0.00121405966579914000
0.00121770508587360000
0.00122146971523762000
0.00122534163296223000
0.00122904188930988000
0.00123259909451008000
0.00123592741787434000
0.00123921521008015000
0.00124244101345539000
0.00124566443264484000
0.00124881394207478000
0.00125209942460060000
0.00125521793961525000
0.00125824943184853000
0.00126121059060097000
0.00126409664750099000
0.00126675978302956000
0.00126953378319740000
0.00127228274941444000
0.00127500906586647000
0.00127772942185402000
0.00128044620156288000
0.00128295794129372000
0.00128550663590431000
0.00128798142075539000
0.00129053249955177000
0.00129320636391640000
0.00129627123475075000
0.00129944697022438000
0.00130290165543556000
0.00130655899643898000
0.00131053581833839000
0.00131440296769142000
0.00131836116313934000
0.00132218778133392000
0.00132587850093842000
0.00132942140102386000
0.00133286416530609000
0.00133614003658295000
0.00133930385112762000
0.00134245455265045000
0.00134550631046295000
0.00134860217571259000
0.00135163724422455000
0.00135468900203705000
0.00135756552219391000
0.00136038124561310000
0.00136317789554596000
0.00136601746082306000
0.00136885225772858000
0.00137176811695099000
0.00137466490268707000
0.00137747704982758000
0.00138031542301178000
0.00138332903385162000
0.00138658106327057000
0.00139018356800079000
0.00139420807361603000
0.00139849245548248000
0.00140288889408112000
0.00140721142292023000
0.00141134321689606000
0.00141521036624908000
0.00141868174076080000
0.00142201483249664000
0.00142526209354401000
0.00142844498157501000
0.00143132865428925000
0.00143423974514008000
0.00143696367740631000
0.00143972456455231000
0.00144251883029938000
0.00144557774066925000
0.00144882738590240000
0.00145231306552887000
0.00145584404468536000
0.00145943224430084000
0.00146315634250641000
0.00146693766117096000
0.00147062122821808000
0.00147430241107941000
0.00147803127765656000
0.00148164808750153000
0.00148525416851044000
0.00148906648159027000
0.00149287641048431000
0.00149669826030731000
0.00150051057338715000
0.00150430381298065000
0.00150795161724091000
0.00151153504848480000
0.00151498496532440000
0.00151831805706024000
0.00152151405811310000
0.00152451574802399000
0.00152733743190765000
0.00153004944324493000
0.00153284609317780000
0.00153560459613800000
0.00153840959072113000
0.00154131114482880000
0.00154412686824799000
0.00154681503772736000
0.00154945075511932000
0.00155212938785553000
0.00155468523502350000
0.00155739963054657000
0.00156007230281830000
0.00156280577182770000
0.00156534373760223000
0.00156803190708160000
0.00157059252262115000
0.00157328188419342000
0.00157618820667267000
0.00157942712306976000
0.00158292233943939000
0.00158677279949188000
0.00159084737300873000
0.00159503638744354000
0.00159943997859955000
0.00160376965999603000
0.00160800874233246000
0.00161210954189301000
0.00161596000194550000
0.00161949336528778000
0.00162281215190887000
0.00162591159343719000
0.00162888944149017000
0.00163176119327545000
0.00163441717624664000
0.00163703262805939000
0.00163965761661530000
0.00164220392704010000
0.00164476990699768000
0.00164749264717102000
0.00165029406547546000
0.00165313124656677000
0.00165605664253235000
0.00165899395942688000
0.00166191577911377000
0.00166469335556030000
0.00166738867759705000
0.00167001724243164000
0.00167276501655579000
0.00167555809020996000
0.00167859554290771000
0.00168201446533203000
0.00168574571609497000
0.00168959140777588000
0.00169363737106323000
0.00169778823852539000
0.00170187950134277000
0.00170586109161377000
0.00170954942703247000
0.00171318292617798000
0.00171665668487549000
0.00171984672546387000
0.00172286987304687000
0.00172596931457520000
0.00172887563705444000
0.00173185825347900000
0.00173479199409485000
0.00173787117004395000
0.00174101352691650000
0.00174420118331909000
0.00174729824066162000
0.00175055980682373000
0.00175360679626465000
0.00175667047500610000
0.00175971388816833000
0.00176277756690979000
0.00176579356193542000
0.00176883101463318000
0.00177174568176270000
0.00177465796470642000
0.00177734375000000000
0.00178008198738098000
0.00178285241127014000
0.00178583979606628000
0.00178897023200989000
0.00179241061210632000
0.00179597496986389000
0.00179978728294373000
0.00180371880531311000
0.00180771470069885000
0.00181167483329773000
0.00181561350822449000
0.00181947350502014000
0.00182315468788147000
0.00182664036750793000
0.00183003067970276000
0.00183333754539490000
0.00183648824691772000
0.00183949947357178000
0.00184255361557007000
0.00184561491012573000
0.00184857726097107000
0.00185149431228638000
0.00185437798500061000
0.00185718417167664000
0.00185993909835815000
0.00186264157295227000
0.00186533927917480000
0.00186814546585083000
0.00187093496322632000
0.00187373161315918000
0.00187661290168762000
0.00187966346740723000
0.00188262462615967000
0.00188585162162781000
0.00188919901847839000
0.00189246773719788000
0.00189557909965515000
0.00189868807792664000
0.00190158605575562000
0.00190433979034424000
0.00190729379653931000
0.00191052794456482000
0.00191418290138245000
0.00191821694374084000
0.00192275881767273000
0.00192785382270813000
0.00193327069282532000
0.00193871617317200000
0.00194409728050232000
0.00194915175437927000
0.00195369124412537000
0.00195778965950012000
0.00196149706840515000
0.00196488738059998000
0.00196812987327576000
0.00197124123573303000
0.00197423696517944000
0.00197718307375908000
0.00198005601763725000
0.00198273226618767000
0.00198526903986931000
0.00198769137263298000
0.00199002191424370000
0.00199230954051018000
0.00199472710490227000
0.00199697658419609000
0.00199918314814568000
0.00200145527720451000
0.00200379773974419000
0.00200619980692863000
0.00200883314013481000
0.00201157972216606000
0.00201429292559624000
0.00201691910624504000
0.00201946422457695000
0.00202187344431877000
0.00202437326312065000
0.00202698990702629000
0.00202982351183891000
0.00203278228640556000
0.00203599140048027000
0.00203936859965324000
0.00204309031367302000
0.00204694792628288000
0.00205082461237907000
0.00205476805567741000
0.00205859944224358000
0.00206226393580437000
0.00206573292613029000
0.00206920668482780000
0.00207258746027946000
0.00207590624690056000
0.00207897111773491000
0.00208204075694084000
0.00208519980311394000
0.00208827540278435000
0.00209139391779900000
0.00209457561373711000
0.00209779664874077000
0.00210091039538383000
0.00210402056574821000
0.00210709974169731000
0.00211011812090874000
0.00211308285593987000
0.00211612865328789000
0.00211923643946648000
0.00212241932749748000
0.00212575167417526000
0.00212915629148483000
0.00213255614042282000
0.00213603228330612000
0.00213937729597092000
0.00214258521795273000
0.00214558333158493000
0.00214837759733200000
0.00215080469846725000
0.00215324491262436000
0.00215579837560654000
0.00215851396322250000
0.00216145128011704000
0.00216475814580917000
0.00216801494359970000
0.00217109769582748000
0.00217408984899521000
0.00217694014310837000
0.00217974752187729000
0.00218272656202316000
0.00218585103750229000
0.00218908399343491000
0.00219239324331284000
0.00219571918249130000
0.00219912618398666000
0.00220270723104477000
0.00220659583806992000
0.00221080392599106000
0.00221516937017441000
0.00221956342458725000
0.00222385495901108000
0.00222781032323837000
0.00223141282796860000
0.00223481982946396000
0.00223805755376816000
0.00224115818738937000
0.00224429339170456000
0.00224737375974655000
0.00225036233663559000
0.00225324481725693000
0.00225620955228806000
0.00225943297147751000
0.00226287811994553000
0.00226657360792160000
0.00227045267820358000
0.00227438420057297000
0.00227793902158737000
0.00228144854307175000
0.00228480070829391000
0.00228799313306808000
0.00229108855128288000
0.00229422017931938000
0.00229720160365105000
0.00230012223124504000
0.00230299040675163000
0.00230581209063530000
0.00230853363871574000
0.00231128975749016000
0.00231395050883293000
0.00231652542948723000
0.00231893584132195000
0.00232141897082329000
0.00232373997569084000
0.00232611700892448000
0.00232860133051872000
0.00233123704791069000
0.00233386322855949000
0.00233671829104424000
0.00233982250094414000
0.00234326049685478000
0.00234718009829521000
0.00235169336199760000
0.00235659763216972000
0.00236170455813408000
0.00236701652407646000
0.00237212583422661000
0.00237695619463921000
0.00238155052065849000
0.00238586112856865000
0.00238974973559380000
0.00239351198077202000
0.00239707395434380000
0.00240035697817802000
0.00240352913737297000
0.00240653440356255000
0.00240932270884514000
0.00241186544299126000
0.00241425558924675000
0.00241659447550774000
0.00241877600550652000
0.00242108270525932000
0.00242348477244377000
0.00242591068148613000
0.00242828771471977000
0.00243085429072380000
0.00243320867419243000
0.00243554994463921000
0.00243795320391655000
0.00244043990969658000
0.00244298264384270000
0.00244564697146416000
0.00244841724634171000
0.00245129376649857000
0.00245406657457352000
0.00245694071054459000
0.00246004611253738000
0.00246340066194534000
0.00246689110994339000
0.00247074633836746000
0.00247471362352371000
0.00247869998216629000
0.00248269110918045000
0.00248671561479568000
0.00249063283205032000
0.00249439507722855000
0.00249819308519363000
0.00250179082155228000
0.00250517636537552000
0.00250842839479446000
0.00251167565584183000
0.00251476913690567000
0.00251761347055435000
0.00252047926187515000
0.00252330094575882000
0.00252594858407974000
0.00252866417169571000
0.00253153473138809000
0.00253446727991104000
0.00253740221261978000
0.00254065424203873000
0.00254399448633194000
0.00254745155572891000
0.00255093961954117000
0.00255486875772476000
0.00255897432565689000
0.00256311088800430000
0.00256755501031876000
0.00257215172052383000
0.00257652670145035000
0.00258062511682510000
0.00258458286523819000
0.00258820682764053000
0.00259167581796646000
0.00259497791528702000
0.00259815365076065000
0.00260124236345291000
0.00260422259569168000
0.00260711938142776000
0.00260990172624588000
0.00261263757944107000
0.00261532574892044000
0.00261795490980148000
0.00262031286954880000
0.00262265771627426000
0.00262496799230576000
0.00262714833021164000
0.00262936800718307000
0.00263168305158615000
0.00263404697179794000
0.00263659685850143000
0.00263934940099716000
0.00264236062765121000
0.00264553040266037000
0.00264892548322678000
0.00265233963727951000
0.00265581339597702000
0.00265911787748337000
0.00266237944364548000
0.00266546219587326000
0.00266853898763657000
0.00267170757055283000
0.00267503827810287000
0.00267857879400253000
0.00268218368291855000
0.00268592208623886000
0.00268956035375595000
0.00269317716360092000
0.00269673913717270000
0.00270033925771713000
0.00270371288061142000
0.00270706027746201000
0.00271016567945480000
0.00271314352750778000
0.00271598786115646000
0.00271877497434616000
0.00272153347730637000
0.00272444814443588000
0.00272732108831406000
0.00273027509450912000
0.00273330539464951000
0.00273629873991013000
0.00273927658796310000
0.00274239152669907000
0.00274546712636948000
0.00274862140417099000
0.00275177210569382000
0.00275490134954452000
0.00275801390409470000
0.00276117175817490000
0.00276440232992172000
0.00276773542165756000
0.00277119636535645000
0.00277476549148560000
0.00277847290039063000
0.00278207302093506000
0.00278557538986206000
0.00278897523880005000
0.00279222726821899000
0.00279538989067078000
0.00279848337173462000
0.00280169963836670000
0.00280489325523376000
0.00280819773674011000
0.00281142592430115000
0.00281467318534851000
0.00281775712966919000
0.00282073736190796000
0.00282365679740906000
0.00282655239105225000
0.00282963395118713000
0.00283283114433289000
0.00283630967140198000
0.00283983588218689000
0.00284351706504822000
0.00284710049629211000
0.00285067677497864000
0.00285407423973083000
0.00285739302635193000
0.00286056518554687000
0.00286356925964355000
0.00286644458770752000
0.00286941528320313000
0.00287244081497192000
0.00287556529045105000
0.00287881970405579000
0.00288218140602112000
0.00288534402847290000
0.00288844585418701000
0.00289140939712524000
0.00289444208145142000
0.00289752721786499000
0.00290078401565552000
0.00290416240692139000
0.00290767431259155000
0.00291111946105957000
0.00291445493698120000
0.00291768550872803000
0.00292079925537109000
0.00292383313179016000
0.00292677998542786000
0.00292968630790710000
0.00293260395526886000
0.00293550312519073000
0.00293846905231476000
0.00294144213199615000
0.00294445216655731000
0.00294737517833710000
0.00295021593570709000
0.00295293033123016000
0.00295568287372589000
0.00295848548412323000
0.00296139419078827000
0.00296429455280304000
0.00296715438365936000
0.00296988070011139000
0.00297246038913727000
0.00297504246234894000
0.00297772228717804000
0.00298037588596344000
0.00298315703868866000
0.00298598229885101000
0.00298876702785492000
0.00299174964427948000
0.00299506723880768000
0.00299876987934113000
0.00300283014774322000
0.00300730288028717000
0.00301184475421906000
0.00301639378070831000
0.00302081167697906000
0.00302509844303131000
0.00302924692630768000
0.00303336203098297000
0.00303728878498077000
0.00304111540317535000
0.00304477512836456000
0.00304822981357574000
0.00305149853229523000
0.00305487215518951000
0.00305809319019318000
0.00306129276752472000
0.00306441485881805000
0.00306744754314423000
0.00307033002376556000
0.00307318508625031000
0.00307602107524872000
0.00307878792285919000
0.00308155000209808000
0.00308427155017853000
0.00308703362941742000
0.00308976233005524000
0.00309265494346619000
0.00309563398361206000
0.00309848308563232000
0.00310132980346680000
0.00310418844223022000
0.00310702562332153000
0.00310994863510132000
0.00311320781707764000
0.00311671495437622000
0.00312030553817749000
0.00312401056289673000
0.00312764644622803000
0.00313118696212769000
0.00313453674316406000
0.00313797712326050000
0.00314131021499634000
0.00314457654953003000
0.00314773678779602000
0.00315081596374512000
0.00315373897552490000
0.00315659046173096000
0.00315951466560364000
0.00316265463829041000
0.00316603541374207000
0.00316974043846130000
0.00317376732826233000
0.00317789196968079000
0.00318206429481506000
0.00318621754646301000
0.00319029450416565000
0.00319415211677551000
0.00319792151451111000
0.00320140242576599000
0.00320481419563293000
0.00320797920227051000
0.00321108579635620000
0.00321404695510864000
0.00321712851524353000
0.00321991682052612000
0.00322268366813660000
0.00322533726692200000
0.00322801589965820000
0.00323057413101196000
0.00323319315910339000
0.00323567390441895000
0.00323812007904053000
0.00324045062065124000
0.00324270606040955000
0.00324503064155579000
0.00324761986732483000
0.00325062632560730000
0.00325411915779114000
0.00325810313224792000
0.00326242804527283000
0.00326695322990417000
0.00327144026756287000
0.00327573895454407000
0.00327979683876038000
0.00328350186347961000
0.00328693509101868000
0.00329013109207153000
0.00329313755035400000
0.00329597115516663000
0.00329888582229614000
0.00330169081687927000
0.00330443620681763000
0.00330702781677246000
0.00330959439277649000
0.00331197142601013000
0.00331441044807434000
0.00331690549850464000
0.00331961035728455000
0.00332226037979126000
0.00332521200180054000
0.00332826256752014000
0.00333125352859497000
0.00333424687385559000
0.00333731889724731000
0.00334024190902710000
0.00334330677986145000
0.00334647536277771000
0.00334971070289612000
0.00335305094718933000
0.00335636973381042000
0.00335951447486877000
0.00336255431175232000
0.00336566805839539000
0.00336886882781982000
0.00337217092514038000
0.00337562084197998000
0.00337913990020752000
0.00338247299194336000
0.00338580846786499000
0.00338905692100525000
0.00339221358299255000
0.00339551687240601000
0.00339927911758423000
0.00340326547622681000
0.00340754985809326000
0.00341205835342407000
0.00341666072607040000
0.00342101901769638000
0.00342517703771591000
0.00342920154333115000
0.00343306630849838000
0.00343674033880234000
0.00344025939702988000
0.00344370216131210000
0.00344706267118454000
0.00345032185316086000
0.00345354527235031000
0.00345682591199875000
0.00346015185117722000
0.00346356600522995000
0.00346703022718430000
0.00347053021192551000
0.00347394198179245000
0.00347715348005295000
0.00348027557134628000
0.00348340123891830000
0.00348649591207504000
0.00348955363035202000
0.00349282711744308000
0.00349617928266525000
0.00349960058927536000
0.00350310534238815000
0.00350668162107468000
0.00351011246442795000
0.00351352661848068000
0.00351702421903610000
0.00352062910795212000
0.00352447003126144000
0.00352860659360886000
0.00353280037641525000
0.00353701561689377000
0.00354116410017014000
0.00354526966810226000
0.00354925602674484000
0.00355316847562790000
0.00355684965848923000
0.00356044977903366000
0.00356390923261642000
0.00356723994016647000
0.00357047528028488000
0.00357383459806442000
0.00357721298933029000
0.00358056753873825000
0.00358390778303146000
0.00358726710081100000
0.00359058827161789000
0.00359392881393433000
0.00359737634658813000
0.00360095500946045000
0.00360463380813599000
0.00360825777053833000
0.00361181020736694000
0.00361523151397705000
0.00361853122711182000
0.00362172007560730000
0.00362492084503174000
0.00362805247306824000
0.00363115072250366000
0.00363419055938721000
0.00363712430000305000
0.00364004135131836000
0.00364294052124023000
0.00364584565162659000
0.00364885449409485000
0.00365208029747009000
0.00365533709526062000
0.00365882754325867000
0.00366253256797791000
0.00366642832756042000
0.00367045998573303000
0.00367457985877991000
0.00367879509925842000
0.00368286013603210000
0.00368663430213928000
0.00369027018547058000
0.00369376301765442000
0.00369706273078918000
0.00370029091835022000
0.00370358824729919000
0.00370681405067444000
0.00371014952659607000
0.00371347069740295000
0.00371686816215515000
0.00372024893760681000
0.00372366547584534000
0.00372696518898010000
0.00373023867607117000
0.00373355984687805000
0.00373686909675598000
0.00374017596244812000
0.00374359488487244000
0.00374717593193054000
0.00375095963478088000
0.00375502705574036000
0.00375938057899475000
0.00376400113105774000
0.00376886814832687000
0.00377374380826950000
0.00377858132123947000
0.00378333061933517000
0.00378804415464401000
0.00379248827695847000
0.00379682749509811000
0.00380104273557663000
0.00380509585142136000
0.00380902022123337000
0.00381272524595261000
0.00381635397672653000
0.00381989687681198000
0.00382318228483200000
0.00382632583379745000
0.00382951468229294000
0.00383257597684860000
0.00383561700582504000
0.00383880704641342000
0.00384198039770126000
0.00384508341550827000
0.00384819835424423000
0.00385123819112778000
0.00385437339544296000
0.00385762065649033000
0.00386103481054306000
0.00386454194784164000
0.00386820405721664000
0.00387186616659164000
0.00387547582387924000
0.00387906879186630000
0.00388267129659653000
0.00388631433248520000
0.00389000266790390000
0.00389361470937729000
0.00389713615179062000
0.00390063136816025000
0.00390408366918564000
0.00390751451253891000
0.00391112655401230000
0.00391493886709213000
0.00391871064901352000
0.00392244666814804000
0.00392613261938095000
0.00392963737249374000
0.00393306106328964000
0.00393663018941879000
0.00394024938344955000
0.00394378036260605000
0.00394742339849472000
0.00395100891590118000
0.00395438492298126000
0.00395776331424713000
0.00396123707294464000
0.00396470367908478000
0.00396825134754181000
0.00397194921970367000
0.00397560894489288000
0.00397924721240997000
0.00398290216922760000
0.00398647367954254000
0.00399017870426178000
0.00399381935596466000
0.00399744331836700000
0.00400106966495514000
0.00400480329990387000
0.00400841534137726000
0.00401217281818390000
0.00401606142520905000
0.00402014791965485000
0.00402425825595856000
0.00402849018573761000
0.00403286755084991000
0.00403728067874908000
0.00404153168201446000
0.00404576838016510000
0.00404993355274200000
0.00405394613742828000
0.00405793726444244000
0.00406209051609039000
0.00406627237796783000
0.00407043993473053000
0.00407463848590851000
0.00407882273197174000
0.00408286631107330000
0.00408689081668854000
0.00409107983112335000
0.00409541428089142000
0.00409984886646271000
0.00410423099994659000
0.00410859882831574000
0.00411272585391998000
0.00411670744419098000
0.00412052452564239000
0.00412446796894073000
0.00412838518619537000
0.00413245260715485000
0.00413640081882477000
0.00414040625095367000
0.00414424717426300000
0.00414811670780182000
0.00415189236402512000
0.00415574282407761000
0.00415965527296066000
0.00416352719068527000
0.00416729420423508000
0.00417095631361008000
0.00417458504438400000
0.00417822092771530000
0.00418193787336349000
0.00418575495481491000
0.00418957680463791000
0.00419331997632980000
0.00419702023267746000
0.00420073956251144000
0.00420447796583176000
0.00420818299055099000
0.00421202868223190000
0.00421592682600021000
0.00421986550092697000
0.00422376602888107000
0.00422786444425583000
0.00423191040754318000
0.00423583000898361000
0.00423959225416183000
0.00424327343702316000
0.00424685686826706000
0.00425045460462570000
0.00425406664609909000
0.00425785273313522000
0.00426156729459763000
0.00426534384489059000
0.00426915377378464000
0.00427287310361862000
0.00427653044462204000
0.00428032606840134000
0.00428410023450851000
0.00428789108991623000
0.00429167240858078000
0.00429547518491745000
0.00429918974637985000
0.00430299729108810000
0.00430674761533737000
0.00431068390607834000
0.00431457489728928000
0.00431858986616135000
0.00432239741086960000
0.00432625979185104000
0.00433005064725876000
0.00433391064405441000
0.00433773487806320000
0.00434180706739426000
0.00434581249952316000
0.00434982746839523000
0.00435383528470993000
0.00435784548521042000
0.00436174362897873000
0.00436583966016769000
0.00437005013227463000
0.00437429159879684000
0.00437865704298019000
0.00438309162855148000
0.00438759535551071000
0.00439208716154098000
0.00439666241407394000
0.00440134495496750000
0.00440605372190475000
0.00441059798002243000
0.00441517323255539000
0.00441971749067306000
0.00442414969205856000
0.00442860096693039000
0.00443309277296066000
0.00443748682737350000
0.00444184988737106000
0.00444612711668014000
0.00445029705762863000
0.00445434540510178000
0.00445831030607224000
0.00446231096982956000
0.00446638792753220000
0.00447037428617477000
0.00447438925504684000
0.00447845906019211000
0.00448238343000412000
0.00448620051145554000
0.00449015349149704000
0.00449408739805222000
0.00449791878461838000
0.00450192660093307000
0.00450596302747726000
0.00451000183820724000
0.00451430290937424000
0.00451913565397263000
0.00452424019575119000
0.00452973335981369000
0.00453557699918747000
0.00454146832227707000
0.00454713314771652000
0.00455266922712326000
0.00455795019865036000
0.00456299930810928000
0.00456791549921036000
0.00457270532846451000
0.00457737594842911000
0.00458205610513687000
0.00458678632974625000
0.00459136635065079000
0.00459598928689957000
0.00460046201944351000
0.00460489898920059000
0.00460916906595230000
0.00461355358362198000
0.00461784273386002000
0.00462210088968277000
0.00462626129388809000
0.00463042646646500000
0.00463438421487808000
0.00463830143213272000
0.00464227586984634000
0.00464620262384415000
0.00465005069971085000
0.00465395599603653000
0.00465787798166275000
0.00466174036264420000
0.00466567188501358000
0.00466945797204971000
0.00467329651117325000
0.00467710167169571000
0.00468087822198868000
0.00468459755182266000
0.00468854337930679000
0.00469238668680191000
0.00469621807336807000
0.00470011383295059000
0.00470397144556046000
0.00470777183771133000
0.00471176296472549000
0.00471586853265762000
0.00472000032663345000
0.00472420126199722000
0.00472843557596207000
0.00473261743783951000
0.00473683267831802000
0.00474107176065445000
0.00474547535181046000
0.00474996477365494000
0.00475453287363052000
0.00475908666849136000
0.00476356178522110000
0.00476805359125137000
0.00477260529994965000
0.00477712094783783000
0.00478182494640350000
0.00478658378124237000
0.00479136407375336000
0.00479610145092010000
0.00480091273784637000
0.00480554282665253000
0.00481026828289032000
0.00481493890285492000
0.00481961905956268000
0.00482434928417206000
0.00482918202877045000
0.00483410060405731000
0.00483910501003265000
0.00484418332576752000
0.00484921872615814000
0.00485419929027557000
0.00485925376415253000
0.00486430108547211000
0.00486950099468231000
0.00487475812435150000
0.00488004624843597000
0.00488538444042206000
0.00489070117473602000
0.00489600360393524000
0.00490127265453339000
0.00490658462047577000
0.00491178691387177000
0.00491696059703827000
0.00492205321788788000
0.00492711961269379000
0.00493205726146698000
0.00493697583675385000
0.00494197309017181000
0.00494692265987396000
0.00495191514492035000
0.00495702207088470000
0.00496216952800751000
0.00496720969676971000
0.00497225701808929000
0.00497726619243622000
0.00498241841793060000
0.00498748004436493000
0.00499271571636200000
0.00499790370464325000
0.00500003755092621000
0.00500271022319794000
0.00500794112682343000
0.00501336038112640000
0.00501882493495941000
0.00502442657947540000
0.00502998173236847000
0.00503557741641998000
0.00504103720188141000
0.00504644215106964000
0.00505187332630157000
0.00505727112293243000
0.00506272614002228000
0.00506829321384430000
0.00507384359836578000
0.00507947742938995000
0.00508535444736481000
0.00509148418903351000
0.00509778797626495000
0.00510433018207550000
0.00511102974414825000
0.00511781036853790000
0.00512475788593292000
0.00513222992420197000
0.00514051735401154000
0.00514996826648712000
0.00516097843647003000
0.00517359554767609000
0.00518759548664093000
0.00520290195941925000
0.00521909534931183000
0.00523577511310577000
0.00525275051593781000
0.00526985943317413000
0.00528674900531769000
0.00530335247516632000
0.00531970798969269000
0.00533563435077667000
0.00535103619098663000
0.00536607563495636000
0.00538072407245636000
0.00539498150348663000
0.00540894329547882000
0.00542273342609405000
0.00543641865253448000
0.00545000851154327000
0.00546359837055206000
0.00547718822956085000
0.00549092113971710000
0.00550477802753449000
0.00551886379718781000
0.00553303539752960000
0.00554758846759796000
0.00556254208087921000
0.00557785809040070000
0.00559351980686188000
0.00560967504978180000
0.00562613546848297000
0.00564298689365387000
0.00566034376621246000
0.00567830145359039000
0.00569712698459625000
0.00571694433689117000
0.00573764860630035000
0.00575915396213532000
0.00578151762485504000
0.00580457746982574000
0.00582823812961578000
0.00585245192050934000
0.00587726652622223000
0.00590251982212067000
0.00592792570590973000
0.00595338881015778000
0.00597906172275543000
0.00600467741489410000
0.00603027403354645000
0.00605585157871246000
0.00608139097690582000
0.00610673964023590000
0.00613199293613434000
0.00615730345249176000
0.00618274748325348000
0.00620821058750153000
0.00623373091220856000
0.00625948011875153000
0.00628562986850738000
0.00631256163120270000
0.00634077131748199000
0.00637062132358551000
0.00640224516391754000
0.00643529951572418000
0.00646938383579254000
0.00650404036045074000
0.00653871595859528000
0.00657310545444489000
0.00660707533359528000
0.00664054930210113000
0.00667347013950348000
0.00670583784580231000
0.00673778593540192000
0.00676942884922028000
0.00680072844028473000
0.00683183729648590000
0.00686294615268707000
0.00689397871494293000
0.00692508518695831000
0.00695628941059113000
0.00698755085468292000
0.00701896488666534000
0.00705051243305206000
0.00708219349384308000
0.00711412250995636000
0.00714649021625519000
0.00717923939228058000
0.00721244633197784000
0.00724597752094269000
0.00727979481220245000
0.00731401264667511000
0.00734844028949738000
0.00738332569599152000
0.00741884052753449000
0.00745515644550324000
0.00749227344989777000
0.00753045856952667000
0.00756955921649933000
0.00760957539081574000
0.00765048801898956000
0.00769206821918488000
0.00773422062397003000
0.00777696430683136000
0.00782012760639191000
0.00786351978778839000
0.00790683567523956000
0.00795003712177277000
0.00799281895160675000
0.00803521931171417000
0.00807727634906769000
0.00811906635761261000
0.00816081821918488000
0.00820257008075714000
0.00824428379535675000
0.00828607380390167000
0.00832809269428253000
0.00837009251117706000
0.00841232120990753000
0.00845496952533722000
0.00849803745746613000
0.00854167759418488000
0.00858604252338410000
0.00863111317157745000
0.00867664158344269000
0.00872270405292511000
0.00876909077167511000
0.00881587803363800000
0.00886300861835480000
0.00891060352325439000
0.00895845890045166000
0.00900671482086182000
0.00905521869659424000
0.00910377979278564000
0.00915230274200439000
0.00920069217681885000
0.00924892902374268000
0.00929714679718018000
0.00934536457061768000
0.00939373493194580000
0.00944235324859619000
0.00949116230010986000
0.00954006671905518000
0.00958916187286377000
0.00963852405548096000
0.00968849658966064000
0.00973927021026611000
0.00979095935821533000
0.00984371662139893000
0.00989719867706299000
0.00995121479034424000
0.01000553607940670000
0.01006008625030520000
0.01011459827423100000
0.01016907215118410000
0.01022350788116460000
0.01027782917022700000
0.01033192157745360000
0.01038570880889890000
0.01043930530548100000
0.01049278736114500000
0.01054646015167240000
0.01060055255889890000
0.01065533161163330000
0.01071102619171140000
0.01076748371124270000
0.01082451343536380000
0.01088215351104740000
0.01094044208526610000
0.01099907398223880000
0.01105789661407470000
0.01111702442169190000
0.01117626667022710000
0.01123547077178960000
0.01129467487335210000
0.01135406970977780000
0.01141357898712160000
0.01147308826446530000
0.01153275012969970000
0.01159218907356260000
0.01165146946907040000
0.01171044468879700000
0.01176915287971500000
0.01182789921760560000
0.01188691258430480000
0.01194626927375790000
0.01200635075569150000
0.01206730961799620000
0.01212922215461730000
0.01219197392463680000
0.01225567936897280000
0.01232014775276180000
0.01238503575325010000
0.01244992375373840000
0.01251484990119930000
0.01257958531379700000
0.01264405369758610000
0.01270833134651180000
0.01277260899543760000
0.01283681035041810000
0.01290108799934390000
0.01296532750129700000
0.01302956700325010000
0.01309384465217590000
0.01315804600715640000
0.01322224736213680000
0.01328683018684390000
0.01335164189338680000
0.01341672062873840000
0.01348218083381650000
0.01354809880256650000
0.01361420750617980000
0.01368096470832820000
0.01374863743782040000
0.01381730198860170000
0.01388692021369930000
0.01395737767219540000
0.01402833104133610000
0.01409943699836730000
0.01417054295539860000
0.01424172520637510000
0.01431313633918760000
0.01438485264778140000
0.01445679783821110000
0.01452881932258610000
0.01460095524787900000
0.01467293858528140000
0.01474480748176570000
0.01481663823127750000
0.01488850712776180000
0.01496032238006590000
0.01503226757049560000
0.01510413646698000000
0.01517600536346440000
0.01524772167205810000
0.01531943798065190000
0.01539123058319090000
0.01546332836151120000
0.01553607463836670000
0.01560954570770260000
0.01568381786346440000
0.01575881481170650000
0.01583453655242920000
0.01591094493865970000
0.01598792552948000000
0.01606555461883550000
0.01614352703094480000
0.01622169017791750000
0.01630000591278080000
0.01637843608856200000
0.01645694255828860000
0.01653571605682370000
0.01661479473114010000
0.01669429302215580000
0.01677424907684330000
0.01685477733612060000
0.01693576335906980000
0.01701716899871830000
0.01709880352020260000
0.01718043804168700000
0.01726191997528080000
0.01734321117401120000
0.01742415904998780000
0.01750476360321040000
0.01758517742156980000
0.01766532421112060000
0.01774539470672610000
0.01782561779022220000
0.01790618419647220000
0.01798705577850340000
0.01806846141815190000
0.01815028667449950000
0.01823237895965580000
0.01831462383270260000
0.01839732646942140000
0.01848018169403080000
0.01856345653533940000
0.01864718914031980000
0.01873145580291750000
0.01881598949432370000
0.01890116214752200000
0.01898699283599850000
0.01907335758209230000
0.01916010379791260000
0.01924719333648680000
0.01933424472808840000
0.01942118167877200000
0.01950830936431880000
0.01959585666656490000
0.01968389987945560000
0.01977251529693600000
0.01986162662506100000
0.01995089054107670000
0.02004007816314700000
0.02012922763824460000
0.02021826267242430000
0.02030691623687740000
0.02039549350738530000
0.02048399448394780000
0.02057249546051030000
0.02066099643707280000
0.02074980258941650000
0.02083883762359620000
0.02092817783355710000
0.02101747989654540000
0.02110723972320560000
0.02119776248931880000
0.02128931522369380000
0.02138193607330320000
0.02147585391998290000
0.02157049655914310000
0.02166529178619380000
0.02176004886627200000
0.02185472965240480000
0.02194902896881100000
0.02204313755035400000
0.02213709354400630000
0.02223097324371340000
0.02232473850250240000
0.02241877079010010000
0.02251299381256100000
0.02260756015777590000
0.02270246982574460000
0.02279783725738530000
0.02289350986480710000
0.02298986911773680000
0.02308699131011960000
0.02318464756011960000
0.02328291416168210000
0.02338163852691650000
0.02348050594329830000
0.02357961177825930000
0.02367848873138430000
0.02377713680267330000
0.02387570858001710000
0.02397389888763430000
0.02407178401947020000
0.02416997432708740000
0.02426862239837650000
0.02436833858489990000
0.02446935176849370000
0.02457173824310300000
0.02467504024505620000
0.02477918148040770000
0.02488355159759520000
0.02498761653900150000
0.02509122371673580000
0.02519460201263430000
0.02529752254486080000
0.02540006160736080000
0.02550244808197020000
0.02560468196868900000
0.02570691585540770000
0.02580907344818120000
0.02591123104095460000
0.02601354122161870000
0.02611615657806400000
0.02621907711029050000
0.02632268428802490000
0.02642697811126710000
0.02653188228607180000
0.02663762569427490000
0.02674390316009520000
0.02685071468353270000
0.02695798397064210000
0.02706563472747800000
0.02717366695404050000
0.02728208065032960000
0.02739079952239990000
0.02749989986419680000
0.02760922908782960000
0.02771878719329830000
0.02782849788665770000
0.02793797969818120000
0.02804746150970460000
0.02815701961517330000
0.02826650142669680000
0.02837598323822020000
0.02848531246185300000
0.02859471797943120000
0.02870427370071410000
0.02881413698196410000
0.02892430543899540000
0.02903523683547970000
0.02914670228958130000
0.02925862550735470000
0.02937108278274540000
0.02948384523391720000
0.02959706544876100000
0.02971127748489380000
0.02982648134231570000
0.02994282960891720000
0.03006001710891720000
0.03017758607864380000
0.03029500246047970000
0.03041203737258910000
0.03052853822708130000
0.03064450502395630000
0.03075993776321410000
0.03087514162063600000
0.03099004030227660000
0.03110478639602660000
0.03121915102005000000
0.03133343935012820000
0.03144810914993290000
0.03156354188919070000
0.03167996644973750000
0.03179822206497190000
0.03191800355911250000
0.03203900575637820000
0.03216061830520630000
0.03228268861770630000
0.03240460634231570000
0.03252621889114380000
0.03264760255813600000
0.03276883363723760000
0.03288975954055790000
0.03301030397415160000
0.03313031435012820000
0.03324963808059690000
0.03336827516555790000
0.03348614931106570000
0.03360341310501100000
0.03372044801712040000
0.03383740663528440000
0.03395406007766720000
0.03407086610794070000
0.03418782472610470000
0.03430493593215940000
0.03442212343215940000
0.03453957319259640000
0.03465737104415890000
0.03477539777755740000
0.03489372968673710000
0.03501282453536990000
0.03513283491134640000
0.03525391340255740000
0.03537613630294800000
0.03549942731857300000
0.03562348127365110000
0.03574784040451050000
0.03587204694747920000
0.03599587202072140000
0.03611946821212770000
0.03624283552169800000
0.03636605024337770000
0.03648941755294800000
0.03661278486251830000
0.03673607587814330000
0.03685936689376830000
0.03698288679122920000
0.03710686445236210000
0.03723168134689330000
0.03735710859298710000
0.03748352766036990000
0.03761070966720580000
0.03773842573165890000
0.03786644697189330000
0.03799500226974490000
0.03812363386154170000
0.03825188398361210000
0.03837998151779170000
0.03850807905197140000
0.03863640546798710000
0.03876518964767460000
0.03889458417892460000
0.03902458906173710000
0.03915489912033080000
0.03928528547286990000
0.03941559553146360000
0.03954590559005740000
0.03967591047286990000
0.03980583906173710000
0.03993576765060420000
0.04006592750549320000
0.04019646644592290000
0.04032761573791500000
0.04045952796936040000
0.04059212684631350000
0.04072533607482910000
0.04085889816284180000
0.04099302291870120000
0.04112752914428710000
0.04126218795776370000
0.04139699935913090000
0.04153181076049800000
0.04166646957397460000
0.04180074691772460000
0.04193471908569340000
0.04206830978393550000
0.04220151901245120000
0.04233457565307620000
0.04246732711791990000
0.04260000228881840000
0.04273260116577150000
0.04286520004272460000
0.04299749374389650000
0.04312994003295900000
0.04326246261596680000
0.04339536666870120000
0.04352857589721680000
0.04366224288940430000
0.04379621505737310000
0.04393064498901370000
0.04406507492065430000
0.04419958114624020000
0.04433416366577150000
0.04446882247924800000
0.04460309982299800000
0.04473714828491210000
0.04487089157104490000
0.04500440597534180000
0.04513784408569340000
0.04527120590209960000
0.04540456771850590000
0.04553785324096680000
0.04567113876342770000
0.04580419540405270000
0.04593725204467770000
0.04607023239135740000
0.04620328903198240000
0.04633649826049800000
0.04647024154663090000
0.04660421371459960000
0.04673841476440430000
0.04687276840209960000
0.04700727462768550000
0.04714162826538090000
0.04727621078491210000
0.04741109848022460000
0.04754616737365720000
0.04768143653869630000
0.04781701087951660000
0.04795266151428220000
0.04808831214904790000
0.04822373390197750000
0.04835900306701660000
0.04849381446838380000
0.04862809181213380000
0.04876221656799320000
0.04889611244201660000
0.04902977943420410000
0.04916344642639160000
0.04929718971252440000
0.04943078041076660000
0.04956414222717280000
0.04969742774963380000
0.04983071327209470000
0.04996407508850100000
0.05009736061096190000
0.05023095130920410000
0.05036477088928220000
0.05049866676330570000
0.05063271522521970000
0.05076699256896970000
0.05090134620666500000
0.05103562355041500000
0.05117005348205570000
0.05130440711975100000
0.05143876075744630000
0.05157319068908690000
0.05170800209045410000
0.05184319496154790000
0.05197892189025880000
0.05211503028869630000
0.05225144386291500000
0.05238801002502440000
0.05252449989318850000
0.05266091346740720000
0.05279740333557130000
0.05293374061584470000
0.05307023048400880000
0.05320664405822750000
0.05334298133850100000
0.05347916603088380000
0.05361527442932130000
0.05375115394592280000
0.05388688087463380000
0.05402253150939940000
0.05415810585021970000
0.05429366111755370000
0.05442908287048340000
0.05456435203552250000
0.05469946861267090000
0.05483450889587400000
0.05496954917907710000
0.05510436058044430000
0.05523924827575680000
0.05537405967712400000
0.05550871849060060000
0.05564330101013180000
0.05577795982360840000
0.05591269493103030000
0.05604765892028810000
0.05618292808532710000
0.05631865501403810000
0.05645476341247560000
0.05659117698669430000
0.05672781944274900000
0.05686453819274900000
0.05700110435485840000
0.05713751792907710000
0.05727347373962400000
0.05740920066833500000
0.05754462242126470000
0.05767996788024900000
0.05781523704528810000
0.05795065879821780000
0.05808623313903810000
0.05822211265563960000
0.05835829734802250000
0.05849463462829590000
0.05863127708435060000
0.05876791954040530000
0.05890463829040530000
0.05904135704040530000
0.05917807579040530000
0.05931464195251470000
0.05945120811462400000
0.05958769798278810000
0.05972411155700680000
0.05986037254333500000
0.05999678611755370000
0.06013297080993650000
0.06026923179626470000
0.06040534019470210000
0.06054152488708500000
0.06067763328552250000
0.06081389427185060000
0.06095023155212400000
0.06108657360076900000
0.06122298717498780000
0.06135970592498780000
0.06149657726287840000
0.06163360118865970000
0.06177070140838620000
0.06190810680389400000
0.06204535961151120000
0.06218261241912840000
0.06231978893280030000
0.06245704174041750000
0.06259406566619870000
0.06273108959198000000
0.06286796092987060000
0.06300475597381590000
0.06314147472381590000
0.06327811717987060000
0.06341460704803470000
0.06355124950408940000
0.06368758678436280000
0.06382277965545650000
0.06395598888397220000
0.06408874034881590000
0.06422217845916750000
0.06435630321502690000
0.06449233531951900000
0.06463080883026120000
0.06477004528045650000
0.06490867137908940000
0.06504691600799560000
0.06518477916717530000
0.06532256603240970000
0.06546027660369870000
0.06559836864471440000
0.06573676586151120000
0.06587539196014400000
0.06601424694061280000
0.06615302562713620000
0.06629149913787840000
0.06642943859100340000
0.06656676769256590000
0.06670371532440180000
0.06684051036834720000
0.06697738170623780000
0.06711478710174560000
0.06725257396698000000
0.06739074230194090000
0.06752898693084720000
0.06766715526580810000
0.06780509471893310000
0.06794280529022220000
0.06808013439178470000
0.06821738719940190000
0.06835494518280030000
0.06849288463592530000
0.06863128185272220000
0.06877013683319090000
0.06890929698944090000
0.06904860973358150000
0.06918799877166750000
0.06932723522186280000
0.06946631908416750000
0.06960532665252690000
0.06974433422088620000
0.06988311290740970000
0.07002212047576900000
0.07016120433807370000
0.07030028820037840000
0.07043914318084720000
0.07057761669158940000
0.07071547985076900000
0.07085334300994870000
0.07099120616912840000
0.07112929821014400000
0.07126777172088620000
0.07140662670135500000
0.07154540538787840000
0.07168418407440190000
0.07182265758514400000
0.07196074962615970000
0.07209868907928470000
0.07223662853240970000
0.07237456798553470000
0.07251288890838620000
0.07265143871307370000
0.07279029369354250000
0.07292937755584720000
0.07306876659393310000
0.07320846080780030000
0.07334846019744870000
0.07348861217498780000
0.07362891674041750000
0.07376914501190180000
0.07390922069549560000
0.07404952526092530000
0.07419013500213620000
0.07433104991912840000
0.07447234630584720000
0.07461394786834720000
0.07475547313690190000
0.07489707469940180000
0.07503852844238280000
0.07517974853515620000
0.07532066345214840000
0.07546119689941410000
0.07560134887695310000
0.07574134826660160000
0.07588119506835940000
0.07602096557617190000
0.07616065979003910000
0.07630027770996090000
0.07643974304199220000
0.07657905578613280000
0.07671836853027340000
0.07685745239257810000
0.07699661254882810000
0.07713577270507810000
0.07727493286132810000
0.07741409301757810000
0.07755348205566410000
0.07769294738769530000
0.07783264160156250000
0.07797248840332030000
0.07811248779296880000
0.07825225830078130000
0.07839195251464840000
0.07853141784667970000
0.07867095947265620000
0.07881057739257810000
0.07895034790039060000
0.07909034729003910000
0.07923042297363280000
0.07937019348144530000
0.07950996398925780000
0.07964996337890620000
0.07979026794433590000
0.07993087768554690000
0.08007194519042970000
0.08021347045898440000
0.08035491943359380000
0.08049636840820310000
0.08063796997070310000
0.08077941894531250000
0.08092071533203130000
0.08106170654296880000
0.08120246887207030000
0.08134307861328120000
0.08148361206054690000
0.08162406921386720000
0.08176460266113280000
0.08190521240234370000
0.08204576492309570000
0.08218614578247070000
0.08232645034790040000
0.08246675491333010000
0.08260698318481450000
0.08274751663208010000
0.08288820266723630000
0.08302919387817380000
0.08317033767700200000
0.08331155776977540000
0.08345285415649410000
0.08359422683715820000
0.08373559951782230000
0.08387712478637690000
0.08401880264282230000
0.08416025161743160000
0.08430170059204100000
0.08444299697875980000
0.08458414077758790000
0.08472536087036130000
0.08486680984497070000
0.08500856399536130000
0.08515069961547850000
0.08529314041137690000
0.08543588638305660000
0.08557870864868160000
0.08572168350219730000
0.08586458206176760000
0.08600748062133790000
0.08615022659301760000
0.08629289627075200000
0.08643556594848630000
0.08657808303833010000
0.08672044754028320000
0.08686258316040040000
0.08700456619262690000
0.08714639663696290000
0.08728799819946290000
0.08742967605590820000
0.08757135391235350000
0.08771326065063480000
0.08785524368286130000
0.08799745559692380000
0.08813974380493160000
0.08828210830688480000
0.08842447280883790000
0.08856683731079100000
0.08870912551879880000
0.08885149002075190000
0.08899377822875980000
0.08913597106933590000
0.08927818298339840000
0.08942031860351560000
0.08956237792968750000
0.08970458984375000000
0.08984695434570310000
0.08998947143554690000
0.09013214111328120000
0.09027496337890630000
0.09041786193847660000
0.09056083679199220000
0.09070381164550780000
0.09084686279296870000
0.09098991394042970000
0.09113311767578120000
0.09127632141113280000
0.09141975402832030000
0.09156311035156250000
0.09170677185058590000
0.09185020446777340000
0.09199378967285160000
0.09213745117187500000
0.09228118896484370000
0.09242492675781250000
0.09256881713867190000
0.09271240234375000000
0.09285591125488280000
0.09299942016601560000
0.09314285278320310000
0.09328636169433590000
0.09343025207519530000
0.09357421875000000000
0.09371810913085940000
0.09386207580566410000
0.09400588989257810000
0.09414955139160160000
0.09429321289062500000
0.09443687438964840000
0.09458053588867190000
0.09472419738769530000
0.09486793518066410000
0.09501205444335940000
0.09515625000000000000
0.09530075073242190000
0.09544555664062500000
0.09559051513671870000
0.09573509216308590000
0.09587982177734370000
0.09602455139160160000
0.09616950988769530000
0.09631457328796390000
0.09645976066589360000
0.09660517692565920000
0.09675059318542480000
0.09689600944519040000
0.09704134941101070000
0.09718676567077640000
0.09733225822448730000
0.09747752189636230000
0.09762263298034670000
0.09776766777038570000
0.09791247367858890000
0.09805727958679200000
0.09820074229367860000
0.09834447970177510000
0.09848862916168660000
0.09863422080295010000
0.09878015582072610000
0.09892588481259470000
0.09907133910325330000
0.09921624399149200000
0.09935991272428610000
0.09950509231373470000
0.09965054660439340000
0.09979572619384210000
0.09994207326343290000
0.10008725285288200000
0.10023078423507100000
0.10037445296786500000
0.10051997593382600000
0.10066446877025000000
0.10080944233379100000
0.10095469059854200000
0.10109938946087300000
0.10124353892078500000
0.10138720765357900000
0.10153128843818800000
0.10167550657340200000
0.10182020543573300000
0.10196332476610700000
0.10210843568025300000
0.10225279116607200000
0.10239625387295900000
0.10254019730696300000
0.10268599497413400000
0.10282973238223000000
0.10297422521865400000
0.10312043493764000000
0.10326609525420600000
0.10341120616835200000
0.10355607671894000000
0.10370056955536400000
0.10384574914481300000
0.10398955522821200000
0.10413294925979600000
0.10427661799259000000
0.10442124817961900000
0.10456649644437000000
0.10471160735851600000
0.10485747370098900000
0.10500395812118500000
0.10515003048956600000
0.10529273776812600000
0.10543778000696900000
0.10558144873976300000
0.10572443071953200000
0.10586878620535100000
0.10601396579480000000
0.10615969478666900000
0.10630597318095700000
0.10645266362706000000
0.10659695043757700000
0.10674178665051300000
0.10688490598088700000
0.10702850603837900000
0.10717347960192000000
0.10731783508773900000
0.10746287732658300000
0.10760723281240100000
0.10775124492170800000
0.10789580643343400000
0.10804057397106800000
0.10818499813218900000
0.10833052109815000000
0.10847638744062400000
0.10862067425114000000
0.10876626589240400000
0.10891158283245800000
0.10905676242190600000
0.10920104923242300000
0.10934664087368600000
0.10949092768420300000
0.10963603859834900000
0.10977915792872300000
0.10992323871333200000
0.11006786890036100000
0.11021277378860000000
0.11035712927441800000
0.11050230886386700000
0.11064707640150100000
0.11079069362781800000
0.11093546116545200000
0.11107947327475800000
0.11122582034434900000
0.11137175536212500000
0.11151830845762400000
0.11166513625433200000
0.11181024716847800000
0.11195590748504400000
0.11210300998296200000
0.11225045585739300000
0.11239494869381700000
0.11254260059415500000
0.11268771150830100000
0.11283241037063200000
0.11297628512933400000
0.11311995386212800000
0.11326424067264400000
0.11340825278195100000
0.11355212754065200000
0.11369524687102600000
0.11384049513577800000
0.11398519399810900000
0.11413140371709500000
0.11424883848434000000
0.11439443012560400000
0.11454050249398500000
0.11468327844784700000
0.11482612307701100000
0.11496979180980500000
0.11511407862032100000
0.11522821697304800000
0.11533013112193200000
0.11543245732263200000
0.11553519557514600000
0.11564995200559500000
0.11579348338778400000
0.11586579848129800000
0.11589526018606300000
0.11590981935019000000
0.11592430983901400000
0.11593886900314000000
0.11595287876484700000
0.11596709455246100000
0.11598165371658700000
0.11599614420541100000
0.11601063469423500000
0.11602519385836100000
0.11603968434718500000
0.11605396881010100000
0.11606818459771500000
0.11608240038532900000
0.11609661617294300000
0.11611069460995200000
0.11612491039756600000
0.11613933221108700000
0.11615361667400400000
0.11616783246161800000
0.11618246030104700000
0.11619708814047500000
0.11621123525278700000
0.11622545104040100000
0.11623987285392200000
0.11625450069335100000
0.11626899118217500000
0.11628361902160400000
0.11629817818573000000
0.11631218794743700000
0.11632647241035300000
0.11634096289917700000
0.11635538471269800000
0.11636973785091700000
0.11638429701504400000
0.11639865015326300000
0.11641300329148100000
0.11642735642970000000
0.11644184691852400000
0.11645626873204600000
0.11647075922086900000
0.11648524970969300000
0.11649974019851700000
0.11651436803794600000
0.11652885852677000000
0.11654328034029100000
0.11655763347851000000
0.11657184926612400000
0.11658640843025100000
0.11662919314369700000
0.11671579270012800000
0.11675912681599500000
0.11680314768488600000
0.11684703120317300000
0.11689105207206400000
0.11691934629668700000
0.11694860197554500000
0.11697717090137800000
0.11700567115190800000
0.11703437742834600000
0.11706370178250600000
0.11709275143545600000
0.11712145771189400000
0.11715071339075200000
0.11717948834249200000
0.11720860667074500000
0.11723724427188000000
0.11726601922362100000
0.11729527490247800000
0.11732439323073100000
0.11735371758489100000
0.11738256121193400000
0.11741147351427900000
0.11744072919313700000
0.11746964149548200000
0.11751304428665100000
0.11756990743710700000
0.11765602626642000000
0.11780093115465900000
0.11794583604289800000
0.11800381516701900000
0.11801844300644800000
0.11803313952117900000
0.11804763001000300000
0.11806177712231500000
0.11807599290992800000
0.11809055207405500000
0.11810545461469400000
0.11812042583063500000
0.11813512234536600000
0.11814940680828300000
0.11816389729710600000
0.11817838778593000000
0.11819308430066200000
0.11820757478948600000
0.11822192792770400000
0.11823641841652800000
0.11825097758065500000
0.11826553674478100000
0.11828030193481500000
0.11829506712484900000
0.11830976363958000000
0.11832459750491600000
0.11833929401964800000
0.11835385318377400000
0.11836854969850500000
0.11838331488853900000
0.11839794272796800000
0.11841229586618700000
0.11842658032910300000
0.11844093346732200000
0.11845514925493600000
0.11846950239315500000
0.11848413023258400000
0.11849875807201300000
0.11851345458674400000
0.11852828845208000000
0.11854298496681200000
0.11857203461976200000
0.11861454463199900000
0.11868562357006800000
0.11871446719711100000
0.11872895768593500000
0.11874324214885200000
0.11875725191055800000
0.11877139902287000000
0.11878595818699600000
0.11880065470172700000
0.11881500783994600000
0.11882922362756000000
0.11884323338926700000
0.11885731182627500000
0.11887132158798200000
0.11888546870029300000
0.11889982183851200000
0.11891417497673100000
0.11892839076434500000
0.11894260655195900000
0.11895668498896800000
0.11897083210128000000
0.11898518523949900000
0.11899933235181000000
0.11901341078881900000
0.11902748922582800000
0.11904163633813900000
0.11905585212575300000
0.11907006791336700000
0.11908407767507400000
0.11909788141087300000
0.11911182249727700000
0.11912610696019300000
0.11914066612432000000
0.11915508793784100000
0.11916950975136200000
0.11918400024018600000
0.11919821602780000000
0.11921215711420400000
0.11922630422651600000
0.11924052001413000000
0.11925487315234900000
0.11926922629056700000
0.11929779521640000000
0.11932684486935100000
0.11944324950705900000
0.11948617157111100000
0.11951522122406100000
0.11954406485110400000
0.11957297715344900000
0.11960209548170200000
0.11963066440753500000
0.11965957670988000000
0.11968903841464500000
0.11971808806759500000
0.11974693169463800000
0.11977591267228600000
0.11980619848068100000
0.11983627826316800000
0.11986525924081600000
0.11989403419255600000
0.11993853578856500000
0.11999711582158300000
0.12008515755936600000
0.12018755243536800000
0.12033506698510100000
0.12048278756074100000
0.12058367158008900000
0.12067082053893900000
0.12075776347188300000
0.12090259968481900000
0.12100396443128300000
0.12107655422600800000
0.12113444750600100000
0.12117682016763300000
0.12122029163410400000
0.12124934128705500000
0.12127784153758500000
0.12130647913872000000
0.12133525409046100000
0.12136450976931800000
0.12139328472105900000
0.12142233437400900000
0.12145117800105200000
0.12146525643806100000
0.12147947222567400000
0.12149375668859100000
0.12152253164033100000
0.12155192466979400000
0.12158049359562700000
0.12162389638679600000
0.12176866392443000000
0.12182683190563300000
0.12187050939801200000
0.12191446159160100000
0.12195683425323300000
0.12204391453678100000
0.12218840737320500000
0.12228977211966900000
0.12233310623553600000
0.12237644035140300000
0.12240487192663000000
0.12243350952776600000
0.12246221580420400000
0.12249133413245600000
0.12252010908419700000
0.12253439354711300000
0.12254860933472700000
0.12256282512234100000
0.12257724693586200000
0.12259173742468600000
0.12260636526411500000
0.12262078707763600000
0.12263527756646000000
0.12264997408119200000
0.12266473927122500000
0.12267929843535200000
0.12269378892417600000
0.12270841676360400000
0.12273794714367200000
0.12276685944601700000
0.12279604644957300000
0.12286932299732200000
0.12297103112029900000
0.12301477728798000000
0.12304375826562800000
0.12307280791857800000
0.12310192624683100000
0.12313083854917600000
0.12316016290333600000
0.12318955593279900000
0.12321860558574900000
0.12324792993991000000
0.12327677356695200000
0.12329112670517100000
0.12330547984339000000
0.12331983298160900000
0.12333411744452500000
0.12334847058274400000
0.12336282372096300000
0.12337717685918200000
0.12339159867270400000
0.12340622651213200000
0.12342092302686400000
0.12343541351568800000
0.12344969797860400000
0.12346405111682300000
0.12347847293034400000
0.12349303209447100000
0.12350745390799200000
0.12352201307211800000
0.12353629753503500000
0.12355058199795100000
0.12356507248677500000
0.12357949430029700000
0.12360820057673400000
0.12363697552847500000
0.12366581915551700000
0.12369514350967800000
0.12372412448732500000
0.12376759595379700000
0.12391222614082600000
0.12398433520843300000
0.12404373934508000000
0.12410163262507300000
0.12414496674094000000
0.12418898760983200000
0.12424715559103500000
0.12430498019572500000
0.12437846276938200000
0.12445043448638400000
0.12450764101335200000
0.12455049440210100000
0.12459444659569000000
0.12463798673746400000
0.12469526193973500000
0.12475219376549300000
0.12480994969488100000
0.12491158914255600000
0.12505690608260900000
0.12518766385853700000
0.12533377914898200000
0.12542161486085700000
0.12547964549145500000
0.12552373503564900000
0.12555285336390200000
0.12558128493913000000
0.12561019724147500000
0.12563924689442500000
0.12566822787207300000
0.12569652209669600000
0.12572570910025100000
0.12574088634210000000
0.12575599490864600000
0.12577076009868000000
0.12578538793810900000
0.12579953505042000000
0.12581388818863900000
0.12582851602806800000
0.12584321254279900000
0.12585811508343800000
0.12587274292286700000
0.12588702738578300000
0.12590158654991000000
0.12591607703873400000
0.12593043017695200000
0.12594512669168400000
0.12595989188171800000
0.12597438237054100000
0.12598873550876000000
0.12600308864697900000
0.12601730443459300000
0.12604656011345100000
0.12607609049351900000
0.12610520882177100000
0.12617381544895200000
0.12629083816438200000