
















































1.209574004082026
1.209574004082026
1.2187864078438415
1.2327513593237347
1.24109128814669
1.256529694194692
1.2644571788098413
1.2644571788098413
1.2717171793037103
1.2856682792659768
1.2924886308137107
1.3047671949010413
1.3111276750453837
1.3217835757001408
1.3186813187064577
1.3285930841922116
1.3342214939223491
1.3425618493930962
1.3476706324858847
1.3544669526997342
1.3590276190977642
1.3585926994028363
1.3642988938854619
1.3682796470461434
1.3728883962230487
1.3728883962230487
1.376708223911655
1.3797507128785289
1.3820248870612957
1.3820248870612957
1.3835373779747726
1.3842925433341258
1.3851094373828583
1.3854941476499067
1.3851094373828583
1.3851094373828583
1.3839541652885134
1.3851094373828585
1.3835373779747728
1.3835373779747728
1.3811731800526272
1.3811731800526272
1.3811731800526272
1.3794666642010029
1.3794666642010029
1.3794666642010029
1.3801943381124397
1.3809791551144799
1.3809791551144799
1.3813496102067848
1.381734320473833
1.381734320473833
1.3838255465925058
1.3838255465925058
1.3846926500691179
1.3851094373828583
1.3851094373828583
1.3851094373828583
1.384292543334126
1.383090939018345
1.383090939018345
1.3810839599153315
1.3810839599153315
1.3810839599153315
1.3822855642311125
1.3822855642311125
1.3822855642311125
1.3834408363254576
1.3834408363254576
1.3846926500691177
1.3846926500691177
1.3850773603361661
1.3850773603361661
1.3854941476499067
1.3858942543848987
1.3858942543848987
1.3850773603361659
1.3850773603361659
1.3850773603361659
1.3834408363254576
1.3826856709661044
1.3826856709661044
1.3826856709661044
1.3826856709661044
1.3826856709661044
1.3846926500691177
1.3846926500691177
1.3835373779747726
1.3851094373828583
1.3851094373828583
1.3851094373828583
1.3850773603361661
1.3850773603361661
1.3850773603361661
1.3850773603361661
1.3850773603361661
1.3850773603361661
1.3850773603361661
1.384292543334126
1.384292543334126
1.3846926500691179
1.3846926500691179
1.3826856709661044
1.3826856709661044
1.3826856709661044
1.3794666642010027
1.3794666642010027
1.37689906747654
1.3801943381124397
1.3801943381124397
1.3801943381124397
1.3826560193234174
1.3826560193234174
1.384292543334126
1.384292543334126
1.384292543334126
1.3858942543848989
1.3858942543848989
1.3858942543848989
1.3858942543848989
1.3851094373828583
1.3851094373828583
1.3851094373828583
1.3851094373828583
1.3851094373828583
1.3851094373828583
1.3822855642311125
1.3822855642311125
1.3822855642311125
1.3822855642311125
1.3801943381124397
1.3784115583900172
1.3784115583900172
1.3784115583900172
1.3791667237493703
1.3791667237493703
1.3791667237493699
1.381734320473833
1.381734320473833
1.3834408363254576
1.3822855642311125
1.3822855642311125
1.3835373779747728
1.3835373779747728
1.3835373779747728
1.3835373779747728
1.3811731800526272
1.3811731800526272
1.3835373779747728
1.3810839599153315
1.3810839599153315
1.3810839599153315
1.3810839599153315
1.379076980812318
1.3810839599153315
1.3810839599153315
1.378265059885222
1.3809791551144799
1.3809791551144799
1.3801943381124397
1.3826560193234172
1.3810839599153315
1.3810839599153315
1.3827204839260403
1.3803562860038947
1.3811731800526272
1.3811731800526272
1.3811731800526272
1.3803562860038947
1.3803562860038947
1.3810839599153315
1.3810839599153315
1.3810839599153315
1.3790769808123182
1.3790769808123182
1.3810839599153315
1.3827204839260403
1.3827204839260403
1.3827204839260403
1.3835373779747728
1.3851094373828585
1.3851094373828585
1.3851094373828585
1.3850773603361661
1.3850773603361661
1.3834408363254576
1.3809791551144799
1.3822855642311125
1.3794666642010027
1.3794666642010027
1.3746248932937735
1.3746248932937735
1.3771924900182364
1.3715824043268994
1.3715824043268994
1.3715824043268994
1.3715824043268994
1.3715824043268994
1.3715824043268994
1.3715824043268994
1.3715824043268994
1.3746248932937735
1.3782650598852217
1.383090939018345
1.3851094373828585
1.3851094373828585
1.3850773603361659
1.3822855642311125
1.378265059885222
1.378265059885222
1.3726179141907602
1.3691207231159219
1.3691207231159219
1.3691207231159219
1.3691207231159219
1.3691207231159219
1.3691207231159219
1.3691207231159219
1.3648245248215254
1.3691207231159219
1.3691207231159219
1.3691207231159219
1.37261791419076
1.3782650598852217
1.3782650598852217
1.3826560193234172
1.3826560193234172
1.3834408363254576
1.3846926500691179
1.385494147649907
1.385494147649907
1.3834408363254576
1.3834408363254576
1.3826560193234174
1.3801943381124397
1.3753270080684543
1.3753270080684543
1.3711866329350597
1.3681441439681858
1.3715824043268996
1.366785997490557
1.3698538027569658
1.3698538027569658
1.3698538027569658
1.3698538027569658
1.3758565169029868
1.3758565169029868
1.3758565169029868
1.3788990058698607
1.3793157931836013
1.3811731800526272
1.3835373779747728
1.3835373779747728
1.385494147649907
1.3858942543848987
1.384292543334126
1.3826560193234172
1.3801943381124397
1.3768990674765398
1.3727586923431452
1.3677583630717105
1.3713527273869799
1.3713527273869799
1.371752834121972
1.3664298682367688
1.371752834121972
1.371752834121972
1.3713527273869799
1.3713527273869799
1.3758264976095544
1.3771924900182362
1.3803562860038947
1.3803562860038947
1.3827204839260401
1.3827204839260401
1.3851094373828585
1.3851094373828585
1.3858942543848987
1.3858942543848987
1.3858942543848987
1.3851094373828585
1.3851094373828585
1.3827204839260401
1.3827204839260401
1.3822855642311125
1.3822855642311125
1.3822855642311125
1.3809791551144799
1.3809791551144799
1.3809791551144799
1.381734320473833
1.381734320473833
1.381734320473833
1.381734320473833
1.381734320473833
1.381734320473833
1.3809791551144799
1.3813496102067844
1.382656019323417
1.3834408363254576
1.384292543334126
1.3851094373828583
1.3846926500691179
1.384292543334126
1.3850773603361661
1.384292543334126
1.384292543334126
1.384292543334126
1.384292543334126
1.384292543334126
1.384292543334126
1.384292543334126
1.3850773603361661
1.3850773603361661
1.3858942543848987
1.3858942543848987
1.3858942543848987
1.3858942543848987
1.3850773603361659
1.3850773603361659
1.3850773603361659
1.3850773603361659
1.3850773603361659
1.3842925433341258
1.3842925433341258
1.3842925433341258
1.385494147649907
1.3851094373828583
1.3851094373828583
1.3851094373828583
1.3851094373828583
1.3858942543848989
1.3858942543848989
1.3851094373828585
1.3851094373828585
1.385494147649907
1.385494147649907
1.3850773603361661
1.3858942543848989
1.3858942543848989
1.385494147649907
1.385494147649907
1.384292543334126
1.384292543334126
1.3834408363254576
1.3834408363254576
1.3834408363254576
1.3834408363254576
1.3834408363254576
1.3834408363254576
1.3834408363254576
1.3834408363254576
1.3834408363254576
1.3850773603361661
1.3850773603361661
1.3850773603361661
1.3858942543848987
1.3858942543848987
1.3858942543848987
1.3858942543848987
1.3858942543848987
1.3858942543848987
1.3858942543848987
1.3858942543848987
1.3858942543848987
1.3858942543848987
1.3851094373828583
1.3851094373828583
1.3851094373828583
1.3835373779747728
1.3834408363254576
1.3834408363254576
1.3834408363254576
1.3813496102067848
1.3813496102067848
1.3834408363254576
1.3834408363254576
1.3834408363254576
1.3846926500691179
1.3846926500691179
1.3858942543848989
1.3851094373828585
1.3851094373828585
1.3851094373828585
1.3850773603361661
1.3850773603361661
1.3850773603361661
1.3850773603361661
1.3850773603361661
1.3850773603361661
1.3850773603361661
1.384292543334126
1.384292543334126
1.384292543334126
1.384292543334126
1.384292543334126
1.384292543334126
1.3822855642311125
1.3822855642311125
1.3822855642311125
1.3822855642311125
1.3850773603361661
1.3850773603361661
1.3850773603361661
1.3858942543848989
1.3858942543848989
1.3858942543848989
1.3858942543848989
1.3858942543848989
1.3850773603361661
1.3850773603361661
1.3850773603361661
1.3858942543848989
1.3858942543848989
1.3846926500691179
1.384292543334126
1.3851094373828585
1.3851094373828585
1.3851094373828585
1.3851094373828585
1.3851094373828585
1.3851094373828585
1.3851094373828585
1.3851094373828585
1.384292543334126
1.385494147649907
1.385494147649907
1.385494147649907
1.385494147649907
1.385494147649907
1.3862943611198906
1.3862943611198906
1.3862943611198906
1.3858942543848989
1.385494147649907
1.385494147649907
1.385494147649907
1.385494147649907
1.385494147649907
1.385494147649907
1.3858942543848989
1.3858942543848989
1.385494147649907
1.385494147649907
1.385494147649907
1.385494147649907
1.385494147649907
1.3858942543848989
1.3858942543848989
1.3858942543848989
1.3858942543848989
1.3858942543848989
1.3858942543848989
1.3858942543848989
1.3858942543848989
1.3858942543848989
1.3858942543848989
1.3858942543848989
1.385494147649907
1.3858942543848989
1.3858942543848989
1.3858942543848989
1.3858942543848989
1.3858942543848989
1.3858942543848989
1.3858942543848989
1.3858942543848989
1.3858942543848989
1.3858942543848989
1.3858942543848989
1.3858942543848989
1.3858942543848989
1.3858942543848989
1.3858942543848989
1.3858942543848989
1.3858942543848989
1.3858942543848989
1.3858942543848989
1.3850773603361661
1.3850773603361661
1.3858942543848989
1.3862943611198906
1.3862943611198906
1.3862943611198906
1.3862943611198906
1.3862943611198906
1.3862943611198906
1.3862943611198906
1.3858942543848987
1.3858942543848987
1.3858942543848987
1.3858942543848987
1.3858942543848987
1.3858942543848987
1.3858942543848987
1.3858942543848987
1.3862943611198906
1.3862943611198906
1.3862943611198906
1.3862943611198906
1.3858942543848987
1.3858942543848987
1.3858942543848987
1.3858942543848987
1.3858942543848987
1.3858942543848987
1.3858942543848987
1.3854941476499067
1.3854941476499067
1.3850773603361661
1.3846926500691177
1.3846926500691177
1.3846926500691177
1.3846926500691177
1.3851094373828583
1.3851094373828583
1.3851094373828583
1.3851094373828583
1.3851094373828585
1.3858942543848987
1.3858942543848987
1.3858942543848987
1.3858942543848987
1.3858942543848987
1.3850773603361661
1.385494147649907
1.385494147649907
1.385494147649907
1.384292543334126
1.384292543334126
1.384292543334126
1.384292543334126
1.3822855642311125
1.3835373779747728
1.3835373779747728
1.3835373779747728
1.3811731800526272
1.3811731800526272
1.3811731800526272
1.3811731800526272
1.3811731800526272
1.3811731800526272
1.3811731800526272
1.3835373779747728
1.3835373779747728
1.3835373779747728
1.3835373779747728
1.3851094373828583
1.3858942543848989
1.3858942543848989
1.3858942543848989
1.3858942543848989
1.3858942543848989
1.3851094373828583
1.3851094373828583
1.3851094373828583
1.3851094373828583
1.3835373779747728
1.3835373779747728
1.3835373779747728
1.3835373779747728
1.3835373779747728
1.3811731800526272
1.3811731800526272
1.3811731800526272
1.3835373779747728
1.3835373779747728
1.3835373779747728
1.3835373779747728
1.3835373779747728
1.3851094373828583
1.3851094373828583
1.3851094373828583
1.3862943611198906
1.3858942543848989
1.3858942543848989
1.385494147649907
1.385494147649907
1.385494147649907
1.383090939018345
1.383090939018345
1.383090939018345
1.3810839599153315
1.3810839599153315
1.3810839599153315
1.379076980812318
1.3810839599153315
1.383090939018345
1.383090939018345
1.3827204839260401
1.3827204839260401
1.3827204839260401
1.3827204839260401
1.3827204839260401
1.384292543334126
1.384292543334126
1.3850773603361661
1.3850773603361661
1.385494147649907
1.385494147649907
1.3858942543848989
1.3858942543848989
1.3850773603361661
1.3834408363254576
1.3834408363254576
1.3834408363254576
1.3834408363254576
1.3834408363254576
1.3834408363254576
1.3834408363254576
1.3834408363254576
1.3834408363254576
1.3834408363254576
1.3834408363254576
1.3834408363254576
1.3834408363254576
1.3826560193234174
1.3826560193234174
1.3813496102067848
1.3834408363254576
1.3834408363254576
1.3834408363254576
1.3834408363254576
1.3858942543848989
1.3858942543848989
1.3858942543848989
1.3858942543848989
1.3858942543848989
1.3858942543848989
1.385494147649907
1.384292543334126
1.384292543334126
1.384292543334126
1.384292543334126
1.384292543334126
1.384292543334126
1.384292543334126
1.3850773603361661
1.3850773603361661
1.3850773603361661
1.3850773603361661
1.3846926500691179
1.3846926500691179
1.3846926500691179
1.3846926500691179
1.3846926500691179
1.3850773603361661
1.3858942543848989
1.3858942543848989
1.3862943611198906
1.3862943611198906
1.3858942543848987
1.3858942543848987
1.3851094373828585
1.3846926500691177
1.3846926500691177
1.3851094373828583
1.3842925433341258
1.3842925433341258
1.3834408363254576
1.3826560193234172
1.3813496102067848
1.3813496102067848
1.3809791551144799
1.3809791551144799
1.3809791551144799
1.3809791551144799
1.3822855642311125
1.3834408363254576
1.3834408363254576
1.3834408363254576
1.3838255465925058
1.3850773603361661
1.3850773603361661
1.3850773603361661
1.3850773603361659
1.3858942543848987
1.3858942543848987
1.385494147649907
1.3858942543848989
1.3858942543848989
1.3850773603361661
1.3850773603361661
1.384292543334126
1.384292543334126
1.3822855642311125
1.3822855642311125
1.3794666642010027
1.3782650598852217
1.3746248932937735
1.3746248932937735
1.3746248932937735
1.3746248932937735
1.3701511230711991
1.3701511230711991
1.3758264976095544
1.3758264976095544
1.3794666642010027
1.3794666642010027
1.3822855642311125
1.3809791551144799
1.3834408363254576
1.3846926500691179
1.3858942543848989
1.3858942543848989
1.3858942543848989
1.3858942543848989
1.3858942543848989
1.3851094373828585
1.3851094373828585
1.3835373779747728
1.3826856709661044
1.3780093840669687
1.3780093840669687
1.3780093840669687
1.3740358223863407
1.3740358223863407
1.3740358223863407
1.3740358223863407
1.3740358223863407
1.3740358223863407
1.3798667709359946
1.3798667709359946
1.3826856709661044
1.3826856709661044
1.381734320473833
1.3838255465925058
1.3838255465925058
1.3858942543848989
1.3858942543848989
1.3858942543848989
1.385494147649907
1.385494147649907
1.385494147649907
1.384292543334126
1.384292543334126
1.3822855642311125
1.3822855642311125
1.3794666642010029
1.378265059885222
1.3746248932937735
1.3746248932937735
1.3715824043268996
1.3715824043268996
1.3732189283376082
1.3758264976095544
1.3794666642010029
1.3794666642010029
1.3826856709661044
1.3826856709661044
1.3826856709661044
1.3850773603361661
1.3850773603361661
1.3851094373828583
1.3851094373828583
1.385494147649907
1.384292543334126
1.3835373779747728
1.3835373779747728
1.3811731800526272
1.3811731800526272
1.3780093840669687
1.3780093840669687
1.3780093840669687
1.3780093840669687
1.3811731800526272
1.3811731800526272
1.3811731800526272
1.3811731800526272
1.3835373779747728
1.3835373779747728
1.3851094373828585
1.3851094373828583
1.3851094373828583
1.3850773603361661
1.3858942543848987
1.3858942543848987
1.3858942543848987
1.3858942543848987
1.3858942543848987
1.3858942543848987
1.3858942543848987
1.3858942543848987
1.3858942543848987
1.3858942543848987
1.3858942543848987
1.3858942543848987
1.3851094373828585
1.3851094373828585
1.3851094373828585
1.3851094373828585
1.3851094373828585
1.3851094373828585
1.3851094373828585
1.3851094373828585
1.3858942543848987
1.3858942543848987
1.3858942543848987
1.3858942543848987
1.3858942543848987
1.3858942543848987
1.3851094373828585
1.3851094373828585
1.3851094373828585
1.3851094373828585
1.3851094373828585
1.3858942543848989
1.385494147649907
1.385494147649907
1.385494147649907
1.384292543334126
1.384292543334126
1.384292543334126
1.384292543334126
1.384292543334126
1.384292543334126
1.384292543334126
1.384292543334126
1.384292543334126
1.384292543334126
1.385494147649907
1.385494147649907
1.3858942543848989
1.3846926500691179
1.3846926500691179
1.3846926500691179
1.3846926500691179
1.3846926500691179
1.3851094373828583
1.3851094373828583
1.3851094373828583
1.3858942543848989
1.3858942543848989
1.3858942543848989
1.3850773603361661
1.3850773603361661
1.3850773603361661
1.3846926500691179
1.3846926500691179
1.3846926500691179
1.3835373779747728
1.3835373779747728
1.3851094373828583
1.3858942543848989
1.3858942543848989
1.3858942543848989
1.3858942543848989
1.3858942543848989
1.3858942543848989
1.3858942543848989
1.3858942543848989
1.3850773603361661
1.3851094373828583
1.3851094373828583
1.3858942543848987
1.3858942543848987
1.3858942543848987
1.3858942543848987
1.385494147649907
1.385494147649907
1.3851094373828585
1.3851094373828585
1.3851094373828585
1.3851094373828585
1.3851094373828585
1.384292543334126
1.385494147649907
1.385494147649907
1.384292543334126
1.384292543334126
1.3851094373828583
1.3851094373828583
1.3851094373828583
1.3827204839260401
1.3835373779747728
1.3835373779747728
1.3835373779747728
1.3835373779747728
1.3816080997475548
1.3811731800526272
1.3811731800526272
1.3811731800526272
1.3811731800526272
1.3798667709359946
1.3794666642010027
1.3822855642311125
1.3822855642311125
1.383090939018345
1.383090939018345
1.383090939018345
1.3850773603361661
1.3850773603361661
1.3850773603361661
1.3850773603361661
1.3850773603361661
1.3858942543848989
1.3858942543848989
1.3858942543848989
1.3858942543848989
1.3846926500691179
1.3846926500691179
1.3846926500691179
1.3826856709661044
1.3826856709661044
1.3826856709661044
1.3826856709661044
1.3798667709359946
1.3798667709359946
1.3798667709359946
1.3826856709661044
1.3826856709661044
1.3826856709661044
1.3835373779747728
1.3851094373828585
1.3851094373828585
1.3858942543848989
1.3858942543848989
1.3858942543848989
1.385494147649907
1.385494147649907
1.385494147649907
1.385494147649907
1.385494147649907
1.385494147649907
1.384292543334126
1.384292543334126
1.384292543334126
1.384292543334126
1.3826856709661044
1.3826856709661044
1.3826856709661044
1.3826856709661044
1.3826856709661044
1.3826856709661044
1.3826856709661044
1.3846926500691179
1.3846926500691179
1.3858942543848989
1.3858942543848989
1.3858942543848987
1.3858942543848987
1.3858942543848987
1.3858942543848987
1.3851094373828585
1.3851094373828585
1.3842925433341258
1.3842925433341258
1.3846926500691177
1.3822855642311125
1.3822855642311125
1.3826856709661044
1.3826856709661044
1.3835373779747726
1.3835373779747726
1.3835373779747726
1.3839541652885134
1.3839541652885134
1.3839541652885134
1.3846926500691177
1.3851094373828585
1.3851094373828585
1.3851094373828585
1.3858942543848987
1.3858942543848987
1.3858942543848987
1.3858942543848989
1.3858942543848989
1.3862943611198906
1.3858942543848989
1.3858942543848989
1.3858942543848989
1.3846926500691179
1.3846926500691179
1.3846926500691179
1.3826856709661044
1.3826856709661044
1.3826856709661044
1.3826856709661044
1.3826856709661044
1.3826856709661044
1.3826856709661044
1.3835373779747728
1.3835373779747728
1.3851094373828583
1.3851094373828583
1.3851094373828583
1.3851094373828583
1.3851094373828583
1.3858942543848989
1.3858942543848989
1.3858942543848989
1.3858942543848989
1.3858942543848989
1.3850773603361661
1.3850773603361661
1.384292543334126
1.384292543334126
1.3827204839260403
1.3827204839260403
1.3810839599153315
1.3810839599153315
1.3803562860038947
1.3803562860038947
1.3827204839260403
1.3827204839260403
1.3835373779747726
1.3846926500691177
1.3846926500691177
1.3846926500691177
1.3846926500691177
1.3858942543848987
1.3858942543848987
1.3858942543848987
1.3858942543848989
1.3858942543848989
1.3858942543848989
1.3858942543848989
1.3858942543848989
1.3858942543848989
1.3858942543848989
1.3851094373828583
1.384292543334126
1.383090939018345
1.383090939018345
1.383090939018345
1.3810839599153315
1.3810839599153315
1.3810839599153315
1.3810839599153315
1.3801943381124397
1.3822855642311125
1.3834408363254576
1.3834408363254576
1.3846926500691177
1.3850773603361661
1.3846926500691177
1.3851094373828583
1.3851094373828583
1.3858942543848987
1.3850773603361659
1.3850773603361659
1.3850773603361659
1.3850773603361659
1.3834408363254576
1.3826560193234174
1.3810839599153315
1.3810839599153315
1.3810839599153315
1.3803562860038945
1.3803562860038945
1.3782650598852217
1.3782650598852217
1.3782650598852217
1.3822855642311125
1.3822855642311125
1.3822855642311125
1.3822855642311125
1.3826856709661044
1.3846926500691179
1.3851094373828585
1.3851094373828585
1.3851094373828585
1.3851094373828585
1.3846926500691177
1.3846926500691177
1.3850773603361661
1.3850773603361661
1.3850773603361661
1.3834408363254576
1.3826856709661044
1.3846926500691177
1.3846926500691177
1.3835373779747728
1.3835373779747728
1.3835373779747728
1.3835373779747728
1.3851094373828585
1.3851094373828585
1.3835373779747728
1.3835373779747728
1.3846926500691179
1.384292543334126
1.385494147649907
1.3858942543848989
1.3858942543848989
1.3858942543848989
1.3858942543848989
1.3858942543848989
1.3858942543848989
1.3850773603361661
1.3850773603361661
1.3850773603361661
1.3834408363254576
1.3834408363254576
1.3834408363254576
1.3809791551144799
1.3822855642311125
1.3822855642311125
1.3822855642311125
1.3822855642311125
1.384292543334126
1.3851094373828585
1.3851094373828585
1.3851094373828585
1.3851094373828585
1.3851094373828585
1.3858942543848987
1.3858942543848987
1.3858942543848987
1.3858942543848987
1.3858942543848987
1.3858942543848987
1.3858942543848987
1.3851094373828583
1.3851094373828583
1.3858942543848989
1.3850773603361661
1.3846926500691179
1.3850773603361661
1.3850773603361661
1.3850773603361661
1.384292543334126
1.384292543334126
1.384292543334126
1.384292543334126
1.384292543334126
1.3851094373828583
1.3851094373828583
1.3851094373828583
1.3851094373828583
1.3851094373828583
1.3846926500691179
1.3858942543848989
1.3850773603361661
1.3850773603361661
1.3850773603361661
1.3858942543848987
1.3850773603361661
1.3846926500691177
1.3858942543848987
1.3858942543848987
1.3858942543848987
1.3858942543848987
1.3858942543848987
1.3858942543848987
1.385494147649907
1.385494147649907
1.385494147649907
1.385494147649907
1.385494147649907
1.3858942543848989
1.3858942543848989
1.3858942543848989
1.385494147649907
1.385494147649907
1.3850773603361661
1.3846926500691179
1.3846926500691179
1.3846926500691179
1.3834408363254576
1.3834408363254576
1.3834408363254576
1.384292543334126
1.384292543334126
1.384292543334126
1.385494147649907
1.385494147649907
1.3850773603361661
1.3850773603361661
1.3850773603361661
1.3850773603361661
1.3850773603361661
1.3850773603361661
1.3846926500691179
1.3846926500691179
1.3846926500691179
1.384292543334126
1.384292543334126
1.3858942543848989
1.3858942543848989
1.3858942543848989
1.3858942543848989
1.3851094373828583
1.3851094373828583
1.3851094373828583
1.3851094373828583
1.3851094373828583
1.3851094373828583
1.3851094373828583
1.3851094373828583
1.3858942543848987
1.3858942543848987
1.385494147649907
1.385494147649907
1.385494147649907
1.385494147649907
1.385494147649907
1.385494147649907
1.384292543334126
1.384292543334126
1.384292543334126
1.3858942543848989
1.3858942543848989
1.3862943611198906
1.3858942543848989
1.3858942543848989
1.3846926500691179
1.3846926500691179
1.384292543334126
1.3822855642311125
1.3822855642311125
1.3822855642311125
1.3822855642311125
1.3811731800526272
1.3811731800526272
1.3811731800526272
1.3811731800526272
1.3835373779747728
1.3822855642311125
1.384292543334126
1.384292543334126
1.384292543334126
1.384292543334126
1.3851094373828585
1.3851094373828585
1.3851094373828585
1.3858942543848987
1.3858942543848987
1.385494147649907
1.3842925433341258
1.3842925433341258
1.3842925433341258
1.3827204839260403
1.3827204839260403
1.3827204839260403
1.3827204839260403
1.3803562860038947
1.3803562860038947
1.3803562860038947
1.3803562860038947
1.3822855642311125
1.384292543334126
1.384292543334126
1.384292543334126
1.384292543334126
1.3851094373828585
1.3835373779747728
1.3839541652885134
1.3839541652885134
1.3851094373828583
1.3851094373828583
1.3851094373828583
1.3854941476499067
1.3854941476499067
1.3851094373828583
1.3846926500691177
1.3835373779747728
1.3835373779747728
1.3835373779747728
1.3816080997475551
1.3816080997475551
1.3835373779747728
1.3827204839260401
1.3827204839260401
1.3827204839260401
1.3827204839260401
1.3827204839260401
1.384292543334126
1.383090939018345
1.383090939018345
1.383090939018345
1.384292543334126
1.3851094373828583
1.3851094373828583
1.3851094373828583
1.3851094373828583
1.384292543334126
1.384292543334126
1.383090939018345
1.384292543334126
1.3827204839260401
1.3835373779747728
1.3835373779747728
1.3835373779747728
1.3811731800526272
1.3835373779747728
1.3835373779747728
1.3835373779747728
1.3835373779747728
1.3822855642311125
1.384292543334126
1.384292543334126
1.384292543334126
1.384292543334126
1.384292543334126
1.384292543334126
1.384292543334126
1.3851094373828583
1.3851094373828583
1.3851094373828583
1.3846926500691179
1.3846926500691179
1.3858942543848989
1.3858942543848989
1.3851094373828583
1.3851094373828583
1.3858942543848987
1.3858942543848987
1.3858942543848987
1.3858942543848987
1.3858942543848987
1.385494147649907
1.385494147649907
1.385494147649907
1.385494147649907
1.3851094373828585
1.3851094373828585
1.3851094373828585
1.3851094373828585
1.3851094373828585
1.3851094373828585
1.3851094373828585
1.3851094373828585
1.3851094373828585
1.3851094373828585
1.3851094373828585
1.3851094373828585
1.3851094373828585
1.3858942543848987
1.3858942543848987
1.3850773603361661
1.3850773603361661
1.3850773603361661
1.3850773603361661
1.3858942543848989
1.3850773603361661
1.3850773603361661
1.3850773603361661
1.3850773603361661
1.3850773603361661
1.3851094373828585
1.3851094373828585
1.3851094373828585
1.3851094373828583
1.3839541652885134
1.3835373779747728
1.3835373779747728
1.3839541652885134
1.3839541652885134
1.3851094373828583
1.3851094373828583
1.3851094373828585
1.3851094373828585
1.3851094373828585
1.3858942543848989
1.3858942543848989
1.3850773603361661
1.3850773603361661
1.3850773603361661
1.3850773603361661
1.3858942543848989
1.3858942543848989
1.3858942543848989
1.3858942543848989
1.3858942543848989
1.3858942543848989
1.3858942543848989
1.3851094373828583
1.3851094373828583
1.3851094373828583
1.3846926500691179
1.3846926500691179
1.3851094373828583
1.3835373779747728
1.3835373779747728
1.3835373779747728
1.3835373779747728
1.3835373779747728
1.3835373779747728
1.3835373779747728
1.3851094373828583
1.3851094373828583
1.3858942543848989
1.3858942543848989
1.3858942543848989
1.385494147649907
1.385494147649907
1.3858942543848989
1.3858942543848989
1.3858942543848989
1.3858942543848989
1.3858942543848989
1.3858942543848989
1.3851094373828583
1.3851094373828583
1.384292543334126
1.384292543334126
1.3827204839260403
1.3827204839260403
1.3826856709661044
1.3826856709661044
1.3822855642311125
1.3809791551144799
1.3809791551144799
1.381734320473833
1.3813496102067844
1.381734320473833
1.381734320473833
1.3834408363254576
1.3834408363254576
1.3834408363254576
1.3834408363254576
1.3834408363254576
1.3842925433341258
1.3850773603361661
1.3850773603361661
1.3846926500691177
1.3851094373828583
1.3851094373828583
1.3835373779747728
1.3835373779747728
1.3835373779747728
1.3835373779747728
1.3822855642311125
1.3822855642311125
1.3809791551144799
1.3809791551144799
1.3809791551144799
1.381734320473833
1.3791667237493703
1.3791667237493703
1.3791667237493703
1.381734320473833
1.381734320473833
1.381734320473833
1.381734320473833
1.381734320473833
1.3834408363254576
1.3834408363254576
1.3834408363254576
1.3834408363254576
1.3834408363254576
1.3851094373828585
1.3835373779747728
1.3835373779747728
1.3835373779747728
1.3835373779747728
1.3826856709661044
1.3826856709661044
1.3798667709359949
1.3809791551144799
1.3809791551144799
1.3809791551144799
1.3809791551144799
1.3809791551144799
1.3809791551144799
1.3801943381124397
1.3826560193234172
1.3826560193234172
1.3826560193234172
1.3826560193234172
1.3826560193234172
1.384292543334126
1.384292543334126
1.385494147649907
1.385494147649907
1.385494147649907
1.385494147649907
1.385494147649907
1.3858942543848987
1.3858942543848987
1.3850773603361659
1.3858942543848987
1.3851094373828585
1.3851094373828585
1.384292543334126
1.384292543334126
1.384292543334126
1.3846926500691179
1.3846926500691179
1.3846926500691179
1.3835373779747728
1.3835373779747728
1.3835373779747728
1.3835373779747728
1.3820248870612957
1.3839541652885134
1.3839541652885134
1.3839541652885134
1.3851094373828583
1.3851094373828583
1.3851094373828583
1.3851094373828583
1.3854941476499067
1.3842925433341258
1.3842925433341258
1.3809791551144799
1.3784115583900172
1.3746160792121713
1.3661836492931339
1.3600389033325768
1.3529461132200931
1.3397980639519533
1.330240676059367
1.330240676059367
1.3195459109405498
1.3195459109405498
1.318818237029113
1.318818237029113
1.324926675861883
1.3189539810092943
1.3180441933630118
1.3191730043900862
1.3191730043900862
1.3163329366805336
1.3163329366805336
1.3101415782242603
1.3101415782242603
1.3022008413212887
1.3022008413212887
1.2944924236287658
1.2849888146302977
1.2849888146302977
1.2835975964213184
1.2835975964213184
1.2816468631543319
1.2816468631543319
1.2851888121123138
1.2851888121123138
1.2789980891488826
1.2704157267787708
1.2610315692767318
1.255240790956927
1.2454671084699362
1.2454671084699362
1.2337353557480824
1.2264891445294657
1.2160902358213526
1.2206123380441283
1.21252709799367
1.2005181024137674
1.2005181024137674
1.1915897497103958
1.1915897497103958
1.1876496259126803
1.1977275682174851
1.1977275682174851
1.1977275682174851
1.2055739795706186
1.2055739795706186
1.2055739795706186
1.2055739795706186
1.2055739795706186
1.2055739795706186
1.2111186195142847
1.2111186195142847
1.2111186195142847
1.2111186195142847
1.2111186195142847
1.2155134454199641
1.2155134454199641
1.2155134454199641
1.2155134454199641
1.2155134454199641
1.2155134454199641
1.220938454741435
1.220938454741435
1.220938454741435
1.220938454741435
1.220938454741435
1.220938454741435
1.220938454741435
1.2237350465595223
1.2237350465595223
1.2251171022764193
1.2341334150406316
1.2341334150406316
1.2341334150406316
1.2457463062874643
1.2457463062874643
1.2457463062874643
1.2538821393089732
1.256529694194692
1.256529694194692
1.2644571788098413
1.2644571788098413
1.2717171793037103
1.2761120052093899
1.2761120052093899
1.2831545972728549
1.2831545972728549
1.2831545972728549
1.2924886308137107
1.2924886308137107
1.2924886308137107
1.2924886308137107
1.2924886308137107
1.2998607529084309
1.2998607529084309
1.3028093545964805
1.3028093545964805
1.3028093545964805
1.3028093545964805
1.3028093545964805
1.3028093545964805
1.3087349150458951
1.3111276750453837
1.3122720917345059
1.3122720917345059
1.3179595344449517
1.3179595344449517
1.3203522944444404
1.3203522944444404
1.3257958105278296
1.3257958105278296
1.3257958105278296
1.3257958105278296
1.3305725132492987
1.3305725132492987
1.3328555015136674
1.3328555015136674
1.3373757658746597
1.3373757658746597
1.3373757658746597
1.3391585455970823
1.3434156216812025
1.3434156216812025
1.3449982309605701
1.3449982309605701
1.3449982309605701
1.3449982309605701
1.3449982309605701
1.3467810106829927
1.3478077782737996
1.3517945511744198
1.3517945511744198
1.3517945511744198
1.3517945511744198
1.3517945511744198
1.3517945511744198
1.3517945511744198
1.3551034038287895
1.3551034038287895
1.3551034038287895
1.357286290286204
1.357286290286204
1.357286290286204
1.357286290286204
1.357286290286204
1.357286290286204
1.3603093897694687
1.3603093897694687
1.3603093897694687
1.3620159056210932
1.3620159056210932
1.3620159056210932
1.3620159056210932
1.3620159056210932
1.3642988938854619
1.3674279400374751
1.3674279400374751
1.3674279400374751
1.3674279400374751
1.3674279400374751
1.3674279400374751
1.3679043106432651
1.3679043106432651
1.3679043106432651
1.3679043106432651
1.3679043106432651
1.3679043106432651
1.3679043106432651
1.3679043106432651
1.3703301733627558
1.3703301733627558
1.3720366892143803
1.3720366892143803
1.3720366892143803
1.3720366892143803
1.3720366892143803
1.3720366892143803
1.3741500010513623
1.3741500010513623
1.3741500010513623
1.3741500010513623
1.3741500010513623
1.3741500010513623
1.3754018147950227
1.3754018147950227
1.3754018147950227
1.3754018147950227
1.3754018147950227
1.3754018147950227
1.3754018147950227
1.3754018147950227
1.3754018147950227
1.3771924900182362
1.3771924900182362
1.3771924900182362
1.3771924900182362
1.3771924900182362
1.3771924900182362
1.3771924900182362
1.3771924900182362
1.3771924900182362
1.3776471921262003
1.3776471921262003
1.3776471921262003
1.3776471921262003
1.3776471921262003
1.3776471921262003
1.3776471921262003
1.3776471921262003
1.3776471921262003
1.3776471921262003
1.3776471921262003
1.3788990058698607
1.3788990058698607
1.3788990058698607
1.3788990058698607
1.3788990058698607
1.3788990058698607
1.3788990058698607
1.3788990058698607
1.3788990058698607
1.3788990058698607
1.3788990058698607
1.3788990058698607
1.3788990058698607
1.3788990058698607
1.3803562860038947
1.3803562860038947
1.3803562860038947
1.3803562860038947
1.3803562860038947
1.3803562860038947
1.3803562860038947
1.3811731800526272
1.3811731800526272
1.3811731800526272
1.3811731800526272
1.3811731800526272
1.3811731800526272
1.3811731800526272
1.3811731800526272
1.3811731800526272
1.3803562860038947
1.3803562860038947
1.3803562860038947
1.3803562860038947
1.3803562860038947
1.3803562860038947
1.3803562860038947
1.3803562860038947
1.3803562860038947
1.3811731800526272
1.3811731800526272
1.3811731800526272
1.3811731800526272
1.3811731800526272
1.3811731800526272
1.3811731800526272
1.3811731800526272
1.3822855642311125
1.3822855642311125
1.3822855642311125
1.3822855642311125
1.3822855642311125
1.3822855642311125
1.3822855642311125
1.3822855642311125
1.3822855642311125
1.3811731800526272
1.3811731800526272
1.3811731800526272
1.3816080997475548
1.3816080997475548
1.3816080997475548
1.3816080997475548
1.3816080997475548
1.3816080997475548
1.3816080997475548
1.3816080997475548
1.3827204839260401
1.3827204839260401
1.3827204839260401
1.3822855642311125
1.3822855642311125
1.3822855642311125
1.3822855642311125
1.3822855642311125
1.3822855642311125
1.3822855642311125
1.3822855642311125
1.3822855642311125
1.3822855642311125
1.3822855642311125
1.3822855642311125
1.3822855642311125
1.3822855642311125
1.3822855642311125
1.3822855642311125
1.3822855642311125
1.3827204839260401
1.3827204839260401
1.3827204839260401
1.3827204839260401
1.3827204839260401
1.3827204839260401
1.3827204839260401
1.3827204839260401
1.3827204839260401
1.3827204839260401
1.3827204839260401
1.3827204839260401
1.3827204839260401
1.3827204839260401
1.3827204839260401
1.3827204839260401
1.3827204839260401
1.3827204839260401
1.3827204839260401
1.3827204839260401
1.3827204839260401
1.3827204839260401
1.3827204839260401
1.3827204839260401
1.3827204839260401
1.3827204839260401
1.3827204839260401
1.3827204839260401
1.3827204839260401
1.3827204839260401
1.3827204839260401
1.3827204839260401
1.3835373779747726
1.3835373779747726
1.3835373779747726
1.3835373779747726
1.3835373779747726
1.3835373779747726
1.3835373779747726
1.3835373779747726
1.3835373779747726
1.3835373779747726
1.3835373779747726
1.3835373779747726
1.3827204839260401
1.3827204839260401
1.3827204839260401
1.3827204839260401
1.3827204839260401
1.3827204839260401
1.3827204839260401
1.3827204839260401
1.3827204839260401
1.3827204839260401
1.3827204839260401
1.3827204839260401
1.3827204839260401
1.3827204839260401
1.3827204839260401
1.3835373779747726
1.3835373779747726
1.3835373779747726
1.3835373779747726
1.3835373779747726
1.3835373779747726
1.3835373779747726
1.3835373779747726
1.3835373779747726
1.3835373779747726
1.3835373779747726
1.3835373779747726
1.3835373779747726
1.3835373779747726
1.3835373779747726
1.3835373779747726
1.3835373779747726
1.3835373779747726
1.3835373779747726
1.3835373779747726
1.3835373779747726
1.3835373779747726
1.3835373779747726
1.3835373779747726
1.3835373779747726
1.3835373779747726
1.3835373779747726
1.3835373779747726
1.3835373779747726
1.3835373779747726
1.3835373779747726
1.3835373779747726
1.3835373779747726
1.3835373779747726
1.3835373779747726
1.3835373779747726
1.3835373779747726
1.3835373779747726
1.3835373779747726
1.3835373779747726
1.3835373779747726
1.3835373779747726
1.3835373779747726
1.3835373779747726
1.3835373779747726
1.3835373779747726
1.3835373779747726
1.3835373779747726
1.3835373779747726
1.3835373779747726
1.3835373779747726
1.3835373779747726
1.3835373779747726
1.3842925433341258
1.3842925433341258
1.3842925433341258
1.3842925433341258
1.3842925433341258
1.3842925433341258
1.3842925433341258
1.3842925433341258
1.3842925433341258
1.3842925433341258
1.3835373779747726
1.3835373779747726
1.3835373779747726
1.3835373779747726
1.3835373779747726
1.3835373779747726
1.3835373779747726
1.3835373779747726
1.3835373779747726
1.3835373779747726
1.3835373779747726
1.3835373779747726
1.3835373779747726
1.3835373779747726
1.3835373779747726
1.3842925433341258
1.3842925433341258
1.3842925433341258
1.3842925433341258
1.3842925433341258
1.3842925433341258
1.3842925433341258
1.3842925433341258
1.3842925433341258
1.3842925433341258
1.3842925433341258
1.3842925433341258
1.3842925433341258
1.3842925433341258
1.3842925433341258
1.3842925433341258
1.3842925433341258
1.3842925433341258
1.3842925433341258
1.3842925433341258
1.3842925433341258
1.3842925433341258
1.3842925433341258
1.3842925433341258
1.3842925433341258
1.3842925433341258
1.3842925433341258
1.3842925433341258
1.3842925433341258
1.3842925433341258
1.3842925433341258
1.3842925433341258
1.3842925433341258
1.3842925433341258
1.3842925433341258
1.3842925433341258
1.3842925433341258
1.3842925433341258
1.3842925433341258
1.3842925433341258
1.3842925433341258
1.3842925433341258
1.3842925433341258
1.3842925433341258
1.3842925433341258
1.3842925433341258
1.3842925433341258
1.3842925433341258
1.3842925433341258
1.3842925433341258
1.3842925433341258
1.3842925433341258
1.3842925433341258
1.3842925433341258
1.3842925433341258
1.3842925433341258
1.3842925433341258
1.3842925433341258
1.3842925433341258
1.3842925433341258
1.3851094373828583
1.3851094373828583
1.3851094373828583
1.3851094373828583
1.3851094373828583
1.3851094373828583
1.3851094373828583
1.3851094373828583
1.3851094373828583
1.3851094373828583
1.3851094373828583
1.3851094373828583
1.3851094373828583
1.3851094373828583
1.3851094373828583
1.3851094373828583
1.3851094373828583
1.3851094373828583
1.3851094373828583
1.3851094373828583
1.3851094373828583
1.3851094373828583
1.3851094373828583
1.3851094373828583
1.3851094373828583
1.3851094373828583
1.3851094373828583
1.3851094373828583
1.3851094373828583
1.3851094373828583
1.3851094373828585
1.3851094373828585
1.3851094373828585
1.3858942543848987
1.3858942543848987
1.3858942543848987
1.3858942543848987
1.3858942543848987
1.3858942543848987
1.3858942543848987
1.3858942543848987
1.3858942543848987
1.3858942543848987
1.3858942543848987
1.3858942543848987
1.3858942543848987
1.3858942543848987
1.3858942543848987
1.3858942543848987
1.3858942543848987
1.3858942543848987
1.3858942543848987
1.3858942543848987
1.3858942543848987
1.3858942543848987
1.3858942543848987
1.3858942543848987
1.3858942543848987
1.3858942543848987
1.3858942543848987
1.3858942543848989
1.3858942543848989
1.3858942543848989
1.3858942543848989
1.3858942543848989
1.3858942543848989
1.3858942543848989
1.3858942543848989
1.3858942543848989
1.3858942543848989
1.3862943611198906
1.3862943611198906
1.3862943611198906
1.3862943611198906
1.3862943611198906
1.3862943611198906
1.3862943611198906
1.3862943611198906
1.3862943611198906
1.3862943611198906
1.3862943611198906
1.3862943611198906
1.3862943611198906
1.3862943611198906
1.3862943611198906
1.3862943611198906
1.3862943611198906
1.3862943611198906
1.3862943611198906
1.3862943611198906
1.3862943611198906
1.3862943611198906
1.3862943611198906
1.3862943611198906
1.3862943611198906
1.3862943611198906
1.3862943611198906
1.3862943611198906
1.3862943611198906
1.3862943611198906
1.3862943611198906
1.3862943611198906
1.3862943611198906
1.3862943611198906
1.3862943611198906
1.3862943611198906
1.3862943611198906
1.3862943611198906
1.3862943611198906
1.3862943611198906
1.3862943611198906
1.3858942543848989
1.3858942543848989
1.3858942543848989
1.3858942543848989
1.3858942543848989
1.3858942543848989
1.3858942543848989
1.3858942543848989
1.3858942543848989
1.3858942543848989
1.3858942543848989
1.3858942543848989
1.3862943611198906
1.3862943611198906
1.3862943611198906
1.3862943611198906
1.3862943611198906
1.3862943611198906
1.3862943611198906
1.3862943611198906
1.3862943611198906
1.3862943611198906
1.3862943611198906
1.3862943611198906
1.3862943611198906
1.3862943611198906
1.3858942543848989
1.3858942543848989
1.3858942543848989
1.3858942543848989
1.3858942543848989
1.3858942543848989
1.3858942543848989
1.3858942543848989
1.3858942543848989
1.3858942543848989
1.3858942543848989
1.3858942543848989
1.3858942543848989
1.3858942543848989
1.3858942543848989
1.3858942543848989
1.3858942543848989
1.3858942543848989
1.3858942543848989
1.3858942543848989
1.3858942543848989
1.3858942543848989
1.3858942543848989
1.3858942543848989
1.3858942543848989
1.3858942543848989
1.3858942543848989
1.3858942543848989
1.3858942543848989
1.3858942543848989
1.3858942543848989
1.3858942543848989
1.3858942543848989
1.3858942543848989
1.3858942543848989
1.3858942543848989
1.3858942543848989
1.3858942543848989
1.3858942543848989
1.3858942543848989
1.3858942543848989
1.3858942543848989
1.3858942543848989
1.3858942543848989
1.3858942543848989
1.3858942543848989
1.3858942543848989
1.3858942543848989
1.3858942543848989
1.3858942543848989
1.3858942543848989
1.3858942543848989
1.3858942543848989
1.3858942543848989
1.3858942543848989
1.3858942543848989
1.3858942543848989
1.3858942543848989
1.3858942543848989
1.3858942543848989
1.3858942543848989
1.3858942543848989
1.3858942543848989
1.3858942543848989
1.3858942543848989
1.3858942543848989
1.3858942543848989
1.3858942543848989
1.3858942543848989
1.3858942543848989
1.3858942543848989
1.3858942543848989
1.3858942543848989
1.3858942543848989
1.3858942543848989
1.3858942543848989
1.3858942543848989
1.3858942543848989
1.3858942543848989
1.3858942543848989
1.3858942543848989
1.3858942543848989
1.3858942543848989
1.3858942543848989
1.3858942543848989
1.3858942543848989
1.3858942543848989
1.3858942543848989
1.3858942543848989
1.3858942543848989
1.3858942543848989
1.3858942543848989
1.3858942543848989
1.3858942543848989
1.3858942543848989
1.3858942543848989
1.3858942543848989
1.3858942543848989
1.3858942543848989
1.3858942543848989
1.3858942543848989
1.3858942543848987
1.3858942543848987
1.3858942543848987
1.3858942543848987
1.3858942543848987
1.3858942543848987
1.3858942543848987
1.3858942543848987
1.3858942543848987
1.3858942543848987
1.3858942543848987
1.3858942543848987
1.3858942543848987
1.3858942543848987
1.3858942543848987
1.3858942543848987
1.3858942543848987
1.3858942543848987
1.3858942543848987
1.3858942543848987
1.3858942543848987
1.3858942543848987
1.3858942543848987
1.3858942543848987
1.3858942543848987
1.3858942543848987
1.3858942543848987
1.3858942543848987
1.3858942543848987
1.3858942543848987
1.3858942543848987
1.3858942543848987
1.3858942543848987
1.3858942543848987
1.3858942543848987
1.3858942543848987
1.3858942543848987
1.3858942543848987
1.3858942543848987
1.3858942543848987
1.3858942543848987
1.3858942543848987
1.3858942543848987
1.3858942543848987
1.3858942543848987
1.3858942543848987
1.3858942543848987
1.3858942543848987
1.3858942543848989
1.3858942543848989
1.3858942543848989
1.3858942543848989
1.3858942543848989
1.3858942543848989
1.3858942543848989
1.3858942543848989
1.3858942543848989
1.3858942543848989
1.3858942543848989
1.3858942543848989
1.3858942543848989
1.3858942543848989
1.3858942543848989
1.3858942543848989
1.3858942543848989
1.3858942543848989
1.3858942543848989
1.3858942543848989
1.3858942543848989
1.3858942543848989
1.3858942543848989
1.3858942543848989
1.3858942543848989
1.3858942543848989
1.3858942543848989
1.3858942543848989
1.3858942543848989
1.3858942543848989
1.3858942543848989
1.3858942543848989
1.3858942543848989
1.3858942543848989
1.3858942543848989
1.3858942543848989
1.3858942543848989
1.3862943611198906
1.3862943611198906
1.3862943611198906
1.3862943611198906
1.3862943611198906
1.3862943611198906
1.3862943611198906
1.3862943611198906
1.3862943611198906
1.3862943611198906
1.3862943611198906
1.3862943611198906
1.3862943611198906
1.3862943611198906
1.3862943611198906
1.3862943611198906
1.3858942543848989
1.3858942543848989
1.3858942543848989
1.3858942543848989
1.3858942543848989
1.3858942543848989
1.3858942543848989
1.3858942543848989
1.3858942543848989
1.3858942543848989
1.3858942543848989
1.3858942543848989
1.3858942543848989
1.3858942543848989
1.3858942543848989
1.3858942543848989
1.3858942543848989
1.3862943611198906
1.3862943611198906
1.3862943611198906
1.3858942543848989
1.3858942543848989
1.3858942543848989
1.3858942543848989
1.3858942543848989
1.3858942543848989
1.3858942543848989
1.3858942543848989
1.3858942543848989
1.3858942543848989
1.3858942543848989
1.3858942543848989
1.3858942543848989
1.3858942543848989
1.3858942543848989
1.3858942543848989
1.3858942543848989
1.3858942543848989
1.3858942543848989
1.3858942543848989
1.3858942543848989
1.3858942543848989
1.3858942543848989
1.3858942543848989
1.3858942543848989
1.3862943611198906
1.3862943611198906
1.3862943611198906
1.3862943611198906
1.3862943611198906
1.3862943611198906
1.3862943611198906
1.3862943611198906
1.3862943611198906
1.3862943611198906
1.3862943611198906
1.3862943611198906
1.3862943611198906
1.3862943611198906
1.3862943611198906
1.3862943611198906
1.3862943611198906
1.3862943611198906
1.3862943611198906
1.3862943611198906
1.3862943611198906
1.3862943611198906
1.3862943611198906
1.3862943611198906
1.3862943611198906
1.3862943611198906
1.3862943611198906
1.3862943611198906
1.3862943611198906
1.3862943611198906
1.3862943611198906
1.3862943611198906
1.3862943611198906
1.3858942543848989
1.3858942543848989
1.3858942543848989
1.3851094373828583
1.3851094373828583
1.3835373779747728
1.3835373779747728
1.3820248870612957
1.3820248870612957
1.3797507128785291
1.3767082239116553
1.3771431436065829
1.3737780180259405
1.3701003415627895
1.3701003415627895
1.366119588402108
1.3613899730672188
1.3613899730672188
1.3563746045612246
1.3510814225439718
1.3450415667374291
1.3450415667374291
1.3387385226540141
1.3316788316681762
1.3316788316681762
1.3248693231761051
1.3173156795150311
1.3173156795150311
1.3089973590661281
1.3009730185594994
1.3009730185594994
1.2921948267072043
1.2826385526506177
1.2831943943391786
1.2734207118521876
1.2634342473518805
1.2634342473518805
1.2526508594446528
1.2422519507365399
1.2422519507365399
1.2310644536923987
1.2196808656506541
1.2196808656506541
1.2074795505234053
1.195089544954355
1.1818471822403995
1.1825143436142378
1.1690901526996085
1.1554873808647939
1.1554873808647939
1.1417091614327597
1.1270436253214449
1.1270436253214449
1.1122085895686953
1.0972068794323722
1.0972068794323722
1.081271236345575
1.0651742959423058
1.0651742959423058
1.0489186187142212
1.0316723845989864
1.0316723845989864
1.0142722982604488
0.99672069097268179
0.99672069097268179
0.97810947715329277
0.95935119920935241
0.95935119920935241
0.94044798865532642
0.94044798865532642
0.92040024272968857
0.92040024272968857
0.91939856936041719
0.9002116470766075
0.89809656499406421
0.89809656499406421
0.87665566727317135
0.87665566727317135
0.87665566727317135
0.85382450324092618
0.87237696220694694
0.91518190012743128
0.94321060917928534
0.95692906574117642
0.97860206438664177
1.006712750369231
1.0078961670802729
1.0210837936246357
1.0371450861665217
1.062432352216899
1.0662918366395635
1.0732218125826973
1.075523606956341
1.1073024916397354
1.1571139352259094
1.2128322200210453
1.2420623088052094
1.2663123625981796
1.2730562285253113
1.2753483753830333
1.3138340331927469
1.342179397429859
1.3625042018825551
1.3760989184829611
1.3838255465925058
1.3858942543848989
1.3862943611198906
1.3862943611198906
1.3862943611198906
1.3862943611198906
1.3862943611198906
1.3858942543848987
1.3858942543848987
1.3858942543848987
1.3858942543848987
1.3858942543848987
1.3858942543848987
1.3858942543848987
1.3858942543848987
1.3858942543848987
1.3858942543848987
1.3858942543848987
1.3858942543848987
1.3858942543848987
1.3858942543848987
1.3858942543848987
1.3858942543848987
1.3858942543848987
1.3858942543848987
1.3858942543848987
1.3858942543848987
1.3858942543848987
1.3858942543848987
1.3858942543848987
1.3858942543848987
1.3858942543848987
1.3858942543848987
1.3858942543848987
1.3858942543848987
1.3858942543848987
1.3858942543848987
1.3858942543848987
1.3858942543848987
1.3858942543848987
1.3858942543848987
1.3858942543848987
1.3858942543848987
1.3858942543848987
1.3858942543848987
1.3858942543848987
1.3858942543848987
1.3854941476499067
1.3846926500691177
1.3834408363254576
1.381734320473833
1.3813496102067848
1.3787962686570656
1.3757284633906564
1.371763643983082
1.372134099075387
1.3668857640678149
1.362146983063423
1.362146983063423
1.3564123394285681
1.3557102246538872
1.3557102246538872
1.3557102246538872
1.3549825507424504
1.3543042596977219
1.3531918755192367
1.3577712470597467
1.35549707287698
1.3548410411740321
1.3521319472963378
1.3521319472963378
1.3486347562214998
1.3486347562214998
1.3440260070445944
1.3392296002082518
1.3335940834405398
1.3335940834405398
1.3335940834405398
1.3270996482867363
1.3338795817435705
1.3338795817435705
1.3338795817435705
1.3338795817435705
1.3385259650572836
1.3385259650572836
1.3385259650572836
1.3385259650572836
1.3415522724522153
1.3415522724522153
1.3415522724522153
1.3415522724522153
1.3423151359612095
1.3423151359612095
1.3423151359612095
1.3423151359612095
1.3412677139253106
1.3407411548764501
1.3407411548764501
1.3407411548764501
1.3431339148759387
1.337761943506278
1.337761943506278
1.337761943506278
1.3387385226540143
1.3316788316681762
1.3316788316681762
1.3316788316681762
1.3387385226540143
1.3387385226540143
1.3387385226540143
1.3382383141120682
1.3367351759154711
1.3346761960303135
1.3230165289041818
1.305963767800943
1.2750174075099732
1.2644262592023028
1.246526362770529
1.2449543033624433
1.2357749231879915
1.2276609863739687
1.2191100868184794
1.2033086707032981
1.1934107474175659
1.1804884439246659
1.1694995187396053
1.1835138732655321
1.1872832254713435
1.1872832254713435
1.1885412372517763
1.199815915607942
1.1959561857383751
1.2122886862883053
1.2216733197639686
1.2300488988303298
1.2264168490468301
1.2334998592011948
1.2421359035996902
1.2555530213618433
1.2477714203674022
1.2550811374014195
1.2593773356958158
1.2628745267706538
1.2685029365007914
1.2809514716774877
1.2734399881755245
1.2752973750445504
1.2764097592230357
1.2767802143153402
1.2764097592230357
1.2752973750445502
1.2734399881755245
1.2734399881755245
1.2755062823014391
1.2725760764157246
1.2688983999525736
1.2644629446839277
1.2592569587432485
1.2437035753208585
1.2374338141558696
1.2464686908756688
1.2388462257897581
1.238312734329386
1.2295820676055653
1.2127109148028887
1.2028608878656737
1.2094587789843541
1.1979885785912732
1.18551580791091
1.1832561227612057
1.1652208136733808
1.1694995187396053
1.1546151590292777
1.1385163439363624
1.1525306984622894
1.1351101262497429
1.1312056526954333
1.1312056526954333
1.1267980891081262
1.1218818836407072
1.1024155160209399
1.1140840375735437
1.110497474852659
1.1214877053605348
1.1016474515278987
1.1112787898473708
1.1038859488491297
1.1118517745509255
1.1185831929890291
1.1034955356304588
1.1098101667548217
1.1004267732284672
1.1050817913692412
1.1085455445611667
1.0865635410539038
1.0975584474428897
1.0993282716701702
1.0870892741730374
1.0870892741730374
1.0734696197536113
1.063557114102047
1.0611201285009284
1.0564228239349531
1.0525009528100788
1.0472182221076436
1.0357231071767117
1.0285534500682172
1.0295484294449215
1.0412754586695219
1.0275974572811755
1.0226865526471047
1.0365524702361961
1.0427179271984572
1.0582336148484166
1.0661530168669304
1.088277720747451
1.1153208098764751
1.1312286312991557
1.1556314737759918
1.1762368067632285
1.2049465666582626
1.2494731279439013
1.2883311476251373
1.3073097362917856
1.3308042213471551
1.3411323866996296
1.3418345014743105
1.3496533156007431
1.3564123394285683
1.3676134379792515
1.3676134379792515
1.372134099075387
1.3760989184829611
1.3791667237493699
1.3791667237493699
1.381734320473833
1.3838255465925058
1.3850773603361661
1.3842925433341258
1.3850773603361659
1.3838255465925058
1.381734320473833
1.3791667237493701
1.3757284633906564
1.372134099075387
1.3676134379792517
1.3676134379792517
1.3625042018825553
1.3496533156007433
1.3411323866996294
1.3207250838083775
1.3097355990112765
1.3073097362917856
1.3044837668373028
1.3044837668373028
1.3085622925880078
1.3085622925880078
1.304126837319362
1.304126837319362
1.3099097765637433
1.3099097765637433
1.3143582067374782
1.3175100866816556
1.3193912305942133
1.3200166381323717
1.3200166381323717
1.3190970705279699
1.3172159266154124
1.3140640466712348
1.3191730043900862
1.3234692026844828
1.3180441933630118
1.3210866823298857
1.3210866823298857
1.3139377506768224
1.3157951375458483
1.3157951375458483
1.3169075217243336
1.3076466384971659
1.3172779768166381
1.3076466384971659
1.3169075217243336
1.3069189645857291
1.3157951375458481
1.3054616844516953
1.3139377506768224
1.3032709024934896
1.3113301814048761
1.3003406966077751
1.3079650558242339
1.2966630201446241
1.3038326772531186
1.3096156164974999
1.3096156164974999
1.3140640466712346
1.3172159266154124
1.3190970705279699
1.3197224780661283
1.3190970705279699
1.3190970705279699
1.3172159266154122
1.3234486801468981
1.3243789903307654
1.3288144455994111
1.3258649400556906
1.328055722013896
1.3315541546003726
1.3315541546003726
1.3354223279482766
1.3140640466712348
1.308980774778123
1.3007697346916511
1.291670098790149
1.2894068146406537
1.2987628889026328
1.3072371172659762
1.3127932882259721
1.3198599116233218
1.3240002867567164
1.3297698393797592
1.3325887394098692
1.3473912043485892
1.3509049607676507
1.3583103017626432
1.3654284839337807
1.3639159930203035
1.3495605107071238
1.3451569504927627
1.3346761960303135
1.3346761960303135
1.3222599463059308
1.3222599463059308
1.3079149583287064
1.3089973590661279
1.3009730185594994
1.2916389850186434
1.2916389850186434
1.2916389850186434
1.2899680092806607
1.2899680092806607
1.2998906178220779
1.3057437740487776
1.3130353269068742
1.3259455293064928
1.3259455293064928
1.3400481673999742
1.341619773804152
1.3562925695797501
1.3577712470597465
1.3571094636284826
1.3532694700964853
1.339061550943859
1.3364939542193963
1.3242192462360522
1.3120115546465634
1.3120115546465634
1.2961769681393691
1.2784186586135984
1.2791335529566574
1.2706587071272768
1.2706587071272768
1.2728594664424424
1.2728594664424424
1.2745071230118985
1.2745071230118983
1.2756041811546341
1.2756041811546341
1.2761522978493927
1.2761522978493929
1.2761522978493929
1.2761522978493927
1.2858226844961611
1.2944924236287658
1.2944924236287658
1.3022008413212887
1.3102733436901193
1.3167407262644446
1.3235108797631601
1.3287336556339762
1.3287336556339762
1.3330556938606826
1.3364939542193963
1.3412327352237881
1.3434156216812025
1.3447220307978351
1.3451569504927627
1.341619773804152
1.3407680667954838
1.3390615509438593
1.3336973624013091
1.3307593105845414
1.3269638314066956
1.3198599116233218
1.3222968972244404
1.3148595823518872
1.308980774778123
1.308980774778123
1.3022008413212887
1.3022008413212887
1.2944924236287658
1.2944924236287658
1.2858226844961613
1.2858226844961613
1.2858226844961613
1.2761522978493929
1.2861004980074198
1.2950559903111294
1.3120140603736052
1.3335940834405398
1.3335940834405398
1.3369332169321106
1.3376018423113007
1.3324921220625621
1.3261774909381994
1.3286909095101731
1.3286909095101731
1.3224536853783109
1.3224536853783109
1.3234891952421715
1.3234891952421715
1.3238340911977202
1.3241674862869
1.3241674862869
1.3335905921227298
1.342179397429859
1.3791667237493699
1.381734320473833
1.3838255465925058
1.3850773603361661
1.3858942543848989
1.3858942543848989
1.3862943611198906
1.3862943611198906
1.3858942543848989
1.3858942543848989
1.3858942543848989
1.3858942543848989
1.3862943611198906
1.3858942543848987
1.3850773603361659
1.3850773603361659
1.3850773603361659
1.3850773603361659
1.3850773603361659
1.3850773603361659
1.3850773603361659
1.3850773603361659
1.3850773603361659
1.3850773603361659
1.3850773603361659
1.3838255465925058
1.3838255465925058
1.362146983063423
1.356055120609436
1.348951200826062
1.2743697070663171
1.2582658429584797
1.2713855311651736
1.2713855311651736
1.2812858327832211
1.2840562343982125
1.2464686908756688
1.2461983876921687
1.2454834100950769
1.2498482866885936
1.2298768508947493
1.1631833320297107
1.1294191012067538
1.1438499806300979
1.1546151590292777
1.1630224021261577
1.1477169119961543
1.1354208894665974
1.1438838582874642
1.1495208260162173
1.159783382612656
1.1686595555727752
1.1608489215442348
1.1679978531972979
1.1662532054102743
1.153889356265007
1.1485447408716845
1.1671317189789625
1.1611199422118019
1.1637674970975209
1.1749435201278515
1.1837518887130993
1.1658766654257491
1.17365826642019
1.1725758656827685
1.165524439934698
1.1620606867427727
1.153889356265007
1.1424965921636137
1.1487796360162685
1.1424650048919056
1.1424650048919056
1.1571922531296168
1.1876496259126803
1.2124409453226785
1.2140224342557606
1.215166850944883
1.2254060222975049
1.2187864078438415
1.2250835709941779
1.2258024595761379
1.217836633874342
1.2146071005635628
1.2085757506471748
1.1955808036834452
1.2146071005635628
1.2146071005635628
1.2303699667462922
1.2488324974717264
1.2580503382701562
1.2736731432423847
1.2873042789333085
1.2863732062195541
1.2990070584329749
1.3097623644829968
1.312558956301084
1.3217835757001408
1.3276620114784576
1.3287444122158791
1.3339379022510891
1.3407411548764501
1.3391585455970825
1.3407680667954835
1.3443547329611121
1.3456065467047722
1.3447528151323727
1.3481760213506295
1.3448736108512627
1.3469147633037051
1.348272909781334
1.3418345014743105
1.3418345014743105
1.3418345014743105
1.341156210429582
1.3397980639519531
1.3377569114995107
1.3267840627309089
1.3233608565126522
1.3192351098095498
1.3143966299002612
1.3112328339146029
1.30519297810806
1.3025301006160936
1.2954704096302556
1.2782110277115482
1.2782110277115482
1.2828779618938033
1.279119797410575
1.2747977591838686
1.2747977591838686
1.270801476961672
1.2750018069266855
1.2750018069266855
1.2745659327826013
1.2902483575111858
1.2938973381842365
1.3097623644829968
1.3111276750453835
1.3111276750453835
1.3093234900464563
1.2998428623065328
1.2992658888081015
1.2995660614018218
1.3234891952421715
1.3096118961693435
1.3049380327714826
1.2863132924552256
1.2776872598694957
1.2935137615934489
1.2840360219990505
1.2984187362214896
1.2980340259544412
1.2840360219990505
1.2968787538600961
1.2919417021853632
1.2949494756328783
1.2895775042632176
1.2967471613717121
1.2931069947802638
1.2931069947802638
1.2886332245576895
1.2933893962112641
1.2967554256475773
1.3007697346916511
1.290288043073252
1.291670098790149
1.2933643936966588
1.2919823379797615
1.2892048835440095
1.2903329134761166
1.286132583511103
1.2867358257641941
1.2867358257641941
1.3009379333715492
1.2974318899623953
1.2989243421132022
1.2837116955027117
1.2628891563799229
1.2494731279439015
1.2532650110895183
1.2804660645992052
1.3096414082817947
1.3120115546465636
1.3181034171005506
1.3114266919166373
1.3170551016467749
1.3137120617844418
1.3069785307898283
1.2933893962112641
1.2987622714365958
1.3089807747781228
1.3182140805930909
1.3323812190967266
1.3397583893173346
1.3512531537425729
1.3600022780528729
1.3661863036636248
1.3699491450299162
1.3672562191601194
1.3676134379792515
1.3614448682887419
1.3529461132200931
1.3421446714342413
1.339506282218025
1.3357973228286633
1.3211752592727752
1.3114266919166373
1.3170551016467749
1.3230165289041818
1.3230165289041818
1.3122783989253057
1.317823038868972
1.317823038868972
1.317823038868972
1.3222178647746514
1.3315739390366303
1.3365109907113635
1.3467810106829929
1.3535773308968422
1.3540775394387885
1.3595692785505726
1.3642988938854619
1.3682796470461434
1.3692394155499981
1.3711866329350595
1.3627870047335533
1.3532694700964853
1.341619773804152
1.3369459104062911
1.3222178647746514
1.3222178647746514
1.3222178647746514
1.3222178647746514
1.3222178647746514
1.3222178647746514
1.3222178647746514
1.3315739390366303
1.3400481673999742
1.3491737706824813
1.3540775394387885
1.3604589003534646
1.3604748526302728
1.3548410411740321
1.3122783989253057
1.3063999631469889
1.294832809007108
1.2876838773540447
1.2876838773540447
1.2943978893121804
1.2930914801955478
1.2930914801955478
1.2930914801955478
1.2980401189112285
1.2980401189112285
1.3029106675729418
1.3029947422507107
